W0
[[-0.78921288 -0.36514336 -0.85521734 -0.2970024   0.0027351   0.08655178
   0.22311766  0.10629097 -0.18071958 -0.12327082 -0.66433108  0.04133054
   0.22774149 -0.20461592  0.03802954  0.19039445 -0.11913111 -0.15885453
   0.10324974 -0.20525552  0.28740069 -0.43934053  0.33178473  0.69304591
   0.0054463  -0.13045017 -0.01206954  0.00387482 -1.04536498 -0.47957548
   0.60714763 -0.05349044  0.16369197 -0.18545875 -0.05015986 -0.40410858
  -0.13428958  0.0598436   1.18820596  1.01386392]]

说明
1 在隐藏层分别是50，10时对1-001文件两个特征排名为2和7
2 两个隐藏测分别为100，100时1-001排名为16，16
下面皆使用隐藏层个数为50，10进行：
对1-001文件，排名为7，2
对1-002文件，排名为2，1
对1-003文件，排名13，3
2-001 59,26
2-002 7,1
2-003  32,3
3-001 100 31


