GRMZM2G086553	GRMZM2G086541	GRMZM2G086474	GRMZM2G086403	GRMZM2G173429	GRMZM2G162640	GRMZM2G397684	GRMZM2G098676	GRMZM2G152135	GRMZM2G454399	GRMZM5G894619	GRMZM2G040673	GRMZM2G040359	GRMZM2G016477	GRMZM2G105855	GRMZM2G305146	GRMZM2G134703	GRMZM2G414915	GRMZM2G702514	AC199382.3_FG005	GRMZM2G018018	GRMZM2G424112
0.223213218	-0.174575701	0.998710851	0.188425032	0.343824517	1.825439172	-0.508057465	0.167663737	0.862182757	1.021399468	0.987557182	0.133217035	1.757666049	2.998020796	-1.080563549	-0.336607179	0.785662535	1.044626445	0.044289159	0.064754379	-0.078412413	-1.240815502
-0.003405752	-1.143773961	0.462083086	0.078412413	0.140092436	-0.146974467	0.35105981	-0.776421761	-1.368372038	-2.998020796	-1.441453795	0.343824517	1.318010897	-1.33442315	0.336607179	-0.279460686	-0.976525035	-0.098927729	-0.872103029	-2.998020796	-2.998020796	-0.976525035
0.216235289	-0.531447525	1.825439172	0.696025208	1.068431117	0.112627241	0.358313528	0.030656506	-0.365586148	1.044626445	1.669043821	0.636490883	-2.998020796	0.315058297	-0.078412413	1.301946185	-0.628171949	0.987557182	-0.409646587	-2.645701413	0.037471962	-0.133217035
0.571095686	0.126347925	-0.343824517	-0.619896262	0.216235289	-0.044289159	-0.563095926	-0.153863466	0.244213829	0.670220259	-0.272384894	-0.636490883	1.117953259	0.216235289	0.030656506	-0.484942137	0.508057465	-0.265322712	-0.417065588	0.293654744	-0.571095686	-1.697120332
0.402250065	0.6448541	2.045954276	-0.023842473	-1.568142731	-0.078412413	-0.653262666	-0.6448541	0.539308633	-2.645701413	-0.230202032	0.500322766	2.171527717	0.696025208	-0.758136008	0.91267586	-0.619896262	0.188425032	-2.998020796	1.403975696	-0.484942137	-1.501786817
-0.661717677	1.184000049	0.653262666	-0.523619123	-0.595318735	0.636490883	-0.272384894	-0.547203211	-1.184000049	-0.300773842	0.628171949	-0.112627241	-2.645701413	1.422465003	-0.119484771	-1.441453795	0.126347925	-0.153863466	-0.230202032	-2.468001988	1.117953259	0.547203211
1.044626445	0.133217035	-0.636490883	-0.037471962	-0.45451733	-0.322224522	-0.329407333	-0.174575701	0.153863466	-0.223213218	2.171527717	1.130769373	-2.468001988	-0.237202109	0.862182757	-0.051108415	1.056453949	-0.661717677	-0.265322712	-2.345104662	-0.216235289	1.862731867
-1.156974916	-0.74010031	-0.293654744	-0.343824517	-1.351202935	-0.965610478	0.731172307	-1.616536998	-0.6448541	-2.468001988	-1.068431117	1.255660378	-2.345104662	0.872103029	2.345104662	-0.785662535	0.358313528	0.555132042	-2.645701413	-2.249880663	1.902810954	0.09208509
-0.696025208	2.468001988	2.998020796	1.211918765	2.645701413	2.468001988	1.226239142	2.998020796	2.645701413	-2.345104662	1.993601218	2.645701413	1.032943298	2.468001988	-2.998020796	2.645701413	1.009990169	2.345104662	-2.249880663	0.216235289	-2.345104662	0.823319923
0.167663737	-0.954809756	-0.387522319	0.105775004	-0.279460686	0.343824517	-0.555132042	-0.7490877	1.460977052	-0.35105981	-1.351202935	0.146974467	-2.249880663	0.687372812	-1.032943298	-0.477294855	1.726602201	0.794970891	0.687372812	-2.171527717	1.697120332	0.619896262
-0.603470624	-1.318010897	-0.133217035	-1.757666049	0.09208509	-0.35105981	0.539308633	-0.365586148	-0.258273739	1.697120332	-0.469675385	-1.523165155	0.293654744	-0.167663737	-0.636490883	0.531447525	0.322224522	0.09208509	-0.372878156	-2.104600628	-0.051108415	-0.174575701
1.825439172	0.872103029	-0.237202109	0.713488578	0.469675385	0.987557182	0.687372812	0.462083086	0.293654744	-0.098927729	1.523165155	-0.293654744	0.492617885	-0.146974467	1.255660378	-0.547203211	1.993601218	0.776421761	-2.171527717	-2.045954276	1.993601218	0.477294855
0.112627241	0.195363108	0.595318735	1.591873889	1.130769373	-0.181496015	1.032943298	0.882109877	1.697120332	-2.249880663	2.998020796	-0.003405752	0.300773842	-0.023842473	0.244213829	-0.064754379	-0.653262666	1.902810954	-2.104600628	1.669043821	-0.244213829	-0.003405752
-1.318010897	-0.037471962	-0.892205847	-1.240815502	-0.571095686	-0.902393588	-0.7490877	-1.591873889	1.009990169	0.484942137	-1.726602201	0.251237576	-2.171527717	-0.7490877	0.09208509	1.255660378	-0.74010031	-1.568142731	0.547203211	-1.993601218	0.112627241	-2.645701413
-0.571095686	-1.130769373	-0.923055543	-0.636490883	-1.226239142	-0.336607179	-0.785662535	-0.804348643	0.976525035	0.030656506	-0.492617885	-0.661717677	0.83291742	0.83291742	-0.595318735	-0.6448541	-1.009990169	-2.345104662	1.270787244	1.044626445	-0.336607179	-0.678771572
-1.068431117	-1.270787244	0.439462999	-2.249880663	-0.923055543	-0.555132042	-1.044626445	-1.501786817	0.126347925	0.571095686	0.998710851	-1.130769373	-2.104600628	0.372878156	-0.892205847	-1.197842699	0.813797671	0.523619123	-2.045954276	-1.946202375	-2.249880663	0.387522319
-0.51582268	-0.030656506	0.43197323	-1.697120332	0.209267873	-0.358313528	-1.211918765	-0.279460686	-0.044289159	0.998710851	1.032943298	-0.258273739	0.923055543	-0.051108415	-0.872103029	0.265322712	-0.670220259	-0.722302208	0.017029548	0.804348643	-0.872103029	-2.468001988
0.611662814	0.523619123	-0.329407333	0.153863466	-1.697120332	0.976525035	-0.017029548	0.071581727	-0.767246816	-0.272384894	-1.143773961	0.944119285	0.670220259	1.501786817	2.998020796	0.09208509	-0.484942137	0.023842473	-1.993601218	-1.902810954	1.197842699	-1.301946185
-0.336607179	1.790524917	-0.446977502	0.794970891	-1.009990169	0.322224522	0.230202032	-0.315058297	-0.670220259	-2.171527717	-0.45451733	0.09208509	-2.045954276	0.343824517	2.645701413	0.477294855	0.140092436	1.105318189	-0.51582268	-1.862731867	1.523165155	0.500322766
1.080563549	2.998020796	-0.670220259	-1.501786817	0.160759774	-0.098927729	-1.946202375	0.343824517	-0.223213218	1.825439172	0.343824517	0.619896262	1.545263217	1.156974916	0.446977502	1.48107362	-0.539308633	-1.211918765	-1.946202375	1.902810954	-2.171527717	-0.322224522
-0.523619123	0.696025208	-0.119484771	0.987557182	-0.500322766	0.439462999	-0.188425032	0.258273739	0.547203211	-2.104600628	-0.722302208	-0.954809756	0.322224522	-0.258273739	-0.237202109	0.776421761	0.83291742	-0.394875486	-0.43197323	-1.825439172	0.852346618	0.037471962
0.387522319	0.661717677	-0.265322712	-0.579132162	-1.48107362	-0.687372812	-0.085246759	-0.469675385	-0.794970891	-0.492617885	-0.670220259	-2.104600628	0.484942137	-0.216235289	-0.987557182	0.387522319	-0.439462999	0.6448541	-1.902810954	-1.790524917	0.010217413	-0.244213829
-2.345104662	0.852346618	-1.080563549	0.293654744	0.003405752	-1.545263217	0.380190046	-2.249880663	-1.351202935	0.563095926	-0.112627241	0.954809756	0.965610478	-1.009990169	0.329407333	0.462083086	-1.862731867	0.862182757	-1.862731867	-1.757666049	0.195363108	-0.892205847
-0.91267586	-0.402250065	-0.044289159	-1.48107362	-1.068431117	-0.439462999	-2.249880663	-1.351202935	-1.105318189	0.003405752	0.35105981	-1.33442315	0.51582268	0.380190046	-0.653262666	-0.965610478	-1.946202375	-0.064754379	0.619896262	0.998710851	-2.104600628	-1.825439172
0.484942137	0.776421761	0.862182757	0.595318735	0.43197323	-0.237202109	-0.603470624	-0.119484771	1.441453795	-0.230202032	-0.74010031	1.790524917	-1.993601218	1.301946185	-1.441453795	0.704730028	0.603470624	-0.023842473	0.508057465	1.211918765	-0.023842473	-0.531447525
-0.462083086	-0.209267873	1.568142731	-0.469675385	0.030656506	1.441453795	-0.216235289	0.160759774	-0.003405752	0.45451733	0.722302208	-0.7490877	-1.946202375	0.7490877	0.322224522	0.202310601	0.500322766	0.547203211	-0.315058297	-1.726602201	-0.653262666	-0.670220259
0.954809756	-0.167663737	0.758136008	0.146974467	0.933535639	0.35105981	1.726602201	0.842592259	0.023842473	0.6448541	0.105775004	-1.080563549	2.998020796	-0.071581727	-0.628171949	-0.417065588	-0.446977502	-0.216235289	-1.825439172	-1.697120332	1.080563549	2.249880663
-1.825439172	1.422465003	-1.240815502	0.380190046	-1.032943298	-0.987557182	0.307908216	-0.563095926	-0.017029548	-0.003405752	-0.195363108	0.439462999	-1.902810954	-0.098927729	-0.603470624	-0.202310601	-0.380190046	-0.439462999	-1.790524917	1.184000049	-1.068431117	0.051108415
0.251237576	1.056453949	1.092857156	-0.670220259	2.998020796	0.722302208	1.545263217	1.105318189	1.790524917	0.380190046	0.023842473	0.713488578	-1.825439172	0.140092436	-1.757666049	0.051108415	1.422465003	0.767246816	-1.757666049	-1.669043821	-0.923055543	0.998710851
-1.862731867	0.944119285	-0.017029548	1.080563549	-0.023842473	0.823319923	1.669043821	-1.422465003	-2.345104662	0.462083086	-0.987557182	-0.862182757	-1.790524917	-0.343824517	1.032943298	-0.329407333	-1.697120332	-1.270787244	-0.037471962	-1.642224543	0.687372812	-0.307908216
0.286550499	-0.619896262	0.785662535	2.171527717	1.993601218	0.469675385	0.571095686	0.758136008	0.307908216	-2.045954276	0.45451733	0.872103029	-1.757666049	-1.056453949	0.098927729	-0.758136008	0.954809756	0.35105981	-0.587206217	-1.616536998	-0.188425032	2.345104662
-0.508057465	0.7490877	0.064754379	1.318010897	1.368372038	1.092857156	0.286550499	0.45451733	-1.568142731	1.130769373	-0.767246816	1.318010897	1.056453949	-0.003405752	-0.7490877	0.446977502	1.441453795	0.611662814	0.030656506	-1.591873889	1.385954264	0.462083086
-1.441453795	-0.603470624	-0.852346618	1.697120332	1.697120332	0.037471962	-1.368372038	1.568142731	-0.571095686	-0.43197323	0.202310601	0.987557182	0.057930049	-0.987557182	-0.023842473	-1.669043821	1.385954264	0.343824517	0.555132042	-1.568142731	0.380190046	1.143773961
0.044289159	-0.146974467	-2.345104662	1.105318189	-0.555132042	0.365586148	-0.279460686	0.300773842	-1.790524917	-0.446977502	-2.249880663	-0.587206217	0.439462999	-1.080563549	0.223213218	0.167663737	0.998710851	-0.010217413	0.492617885	-1.545263217	-0.112627241	0.160759774
-0.424507616	0.258273739	-0.057930049	2.104600628	1.946202375	0.678771572	0.387522319	0.661717677	-1.669043821	1.184000049	-0.804348643	0.417065588	0.500322766	-1.568142731	-0.417065588	-0.409646587	0.7490877	-0.174575701	-0.112627241	-1.523165155	0.785662535	0.595318735
-0.140092436	1.642224543	0.188425032	0.394875486	0.987557182	1.642224543	-0.071581727	-0.307908216	-1.48107362	0.167663737	-1.286210621	0.119484771	0.343824517	0.74010031	-0.704730028	0.044289159	-0.085246759	-0.462083086	0.500322766	0.402250065	1.422465003	-0.209267873
0.35105981	0.329407333	0.35105981	1.669043821	0.105775004	0.776421761	-0.823319923	0.394875486	-1.117953259	0.010217413	-0.687372812	0.43197323	0.003405752	0.071581727	-0.713488578	0.43197323	-0.064754379	-0.571095686	0.153863466	-1.48107362	0.678771572	0.300773842
-1.460977052	-0.872103029	0.469675385	-0.976525035	-1.197842699	-0.954809756	-0.181496015	-1.286210621	-0.064754379	-1.946202375	-2.468001988	-0.713488578	0.678771572	-0.696025208	-0.085246759	-1.301946185	-0.823319923	-1.351202935	-1.697120332	0.579132162	0.628171949	-0.804348643
-0.258273739	1.48107362	-0.785662535	-1.286210621	-0.965610478	-0.153863466	0.595318735	0.146974467	-0.439462999	0.595318735	0.571095686	-0.402250065	1.156974916	0.112627241	-1.591873889	2.345104662	-0.365586148	1.862731867	-1.669043821	-1.422465003	-0.7490877	-1.946202375
-1.044626445	0.687372812	-2.104600628	-0.112627241	-0.202310601	0.307908216	-0.237202109	0.272384894	-0.628171949	-0.237202109	-0.237202109	-1.032943298	0.523619123	-0.195363108	0.563095926	-0.704730028	-0.387522319	-0.146974467	-1.642224543	0.057930049	0.387522319	-0.619896262
0.343824517	-0.670220259	-1.368372038	-2.171527717	0.098927729	-0.112627241	0.484942137	-0.636490883	-2.998020796	-0.372878156	-0.579132162	-1.143773961	1.48107362	-0.954809756	-0.998710851	0.251237576	0.160759774	1.056453949	-1.616536998	0.653262666	-1.993601218	-0.7490877
-0.45451733	-0.380190046	1.080563549	1.368372038	0.044289159	-0.417065588	0.902393588	-1.790524917	-0.402250065	-1.902810954	-0.017029548	2.104600628	2.249880663	-1.591873889	-0.696025208	1.044626445	-0.6448541	-0.195363108	-0.365586148	0.446977502	-0.160759774	-1.255660378
0.492617885	-0.579132162	-0.417065588	0.439462999	-0.794970891	-1.351202935	1.501786817	-0.555132042	-0.133217035	1.403975696	0.636490883	-1.825439172	-1.669043821	-1.441453795	0.209267873	-1.726602201	-1.270787244	-0.785662535	-1.568142731	-1.385954264	1.441453795	0.237202109
1.156974916	0.037471962	0.852346618	0.35105981	0.944119285	1.460977052	0.044289159	1.48107362	-0.43197323	1.092857156	0.976525035	1.197842699	-1.642224543	0.057930049	-0.484942137	1.068431117	-0.336607179	1.669043821	-1.545263217	0.380190046	1.009990169	0.965610478
-1.697120332	-0.293654744	-1.156974916	-1.143773961	-1.130769373	-1.33442315	-0.944119285	-1.130769373	-0.954809756	0.636490883	-0.508057465	-0.387522319	0.140092436	-0.133217035	-1.318010897	-1.156974916	-0.595318735	-1.170380633	0.322224522	-1.368372038	0.119484771	-0.998710851
0.51582268	-0.51582268	-1.902810954	-0.237202109	-0.272384894	-1.211918765	-0.09208509	-0.508057465	-0.195363108	1.616536998	-0.976525035	0.628171949	0.044289159	-0.813797671	-0.195363108	-1.080563549	-0.300773842	0.071581727	1.318010897	-1.351202935	0.085246759	-1.184000049
-0.343824517	-2.998020796	-0.794970891	1.270787244	-0.492617885	0.293654744	1.697120332	0.696025208	-0.678771572	0.74010031	-0.300773842	-0.547203211	1.301946185	-2.998020796	-0.547203211	0.51582268	-1.255660378	-0.813797671	-1.523165155	-1.33442315	0.731172307	0.923055543
-0.174575701	-0.057930049	0.579132162	0.484942137	-1.726602201	-0.776421761	-0.064754379	-1.255660378	1.170380633	1.862731867	-0.167663737	-0.195363108	-1.616536998	-1.105318189	-1.021399468	-1.056453949	-0.424507616	-0.417065588	-0.258273739	0.223213218	-0.119484771	0.167663737
-0.628171949	1.726602201	-0.195363108	0.611662814	0.244213829	0.611662814	0.653262666	1.301946185	-0.661717677	0.51582268	0.43197323	-0.244213829	0.315058297	-0.365586148	0.402250065	-0.687372812	-0.661717677	0.216235289	-0.051108415	-1.318010897	0.670220259	1.197842699
0.842592259	0.265322712	0.251237576	1.48107362	0.51582268	0.223213218	0.45451733	0.74010031	-0.167663737	0.098927729	0.195363108	0.678771572	0.329407333	-0.181496015	1.351202935	-1.523165155	0.258273739	0.508057465	1.211918765	-1.301946185	0.078412413	-0.653262666
-1.523165155	-2.645701413	-1.226239142	0.678771572	-2.345104662	0.358313528	0.74010031	-0.244213829	-1.501786817	-1.862731867	-0.91267586	-2.045954276	0.687372812	-1.351202935	-1.422465003	-1.286210621	-1.568142731	-1.697120332	-0.286550499	0.188425032	-0.500322766	-0.230202032
-0.195363108	-0.539308633	-0.188425032	0.417065588	-0.713488578	-1.726602201	0.424507616	-0.051108415	0.146974467	-0.439462999	-1.318010897	-2.249880663	-1.591873889	-0.202310601	0.670220259	0.244213829	0.35105981	-1.130769373	0.251237576	-1.286210621	0.071581727	2.468001988
-1.568142731	-0.523619123	-0.307908216	2.468001988	-0.539308633	0.508057465	0.017029548	1.368372038	1.255660378	0.293654744	-0.372878156	0.380190046	0.244213829	-0.484942137	0.484942137	-0.7490877	1.902810954	-0.057930049	1.946202375	-1.270787244	-1.946202375	-0.722302208
0.300773842	0.315058297	-0.571095686	0.91267586	0.279460686	-0.523619123	0.852346618	0.862182757	0.954809756	1.902810954	0.74010031	0.539308633	1.616536998	-0.804348643	0.195363108	1.170380633	0.944119285	-0.251237576	-0.078412413	-1.255660378	0.160759774	0.078412413
-1.021399468	0.767246816	-0.071581727	-0.51582268	-0.216235289	-0.272384894	-0.758136008	-0.023842473	1.068431117	1.117953259	-0.343824517	-0.119484771	-1.568142731	0.492617885	0.372878156	0.315058297	-0.181496015	-0.372878156	0.74010031	1.368372038	-1.902810954	0.153863466
0.336607179	-1.301946185	-0.272384894	0.813797671	0.842592259	-0.402250065	1.270787244	-0.003405752	0.944119285	-0.119484771	-0.251237576	0.571095686	-1.545263217	0.126347925	-0.017029548	-0.167663737	-0.477294855	-1.460977052	-0.446977502	1.697120332	-0.713488578	0.251237576
-0.037471962	-0.071581727	-0.140092436	1.021399468	0.258273739	0.954809756	0.153863466	1.170380633	-0.153863466	2.104600628	0.933535639	0.508057465	0.611662814	0.571095686	-1.143773961	-1.092857156	-0.43197323	0.030656506	0.785662535	0.119484771	0.531447525	-0.484942137
-0.057930049	-0.272384894	-0.508057465	1.184000049	0.078412413	-1.422465003	0.603470624	-0.329407333	0.804348643	-1.825439172	-0.119484771	1.056453949	-1.523165155	-2.345104662	1.441453795	-2.998020796	0.563095926	-2.171527717	0.372878156	0.976525035	-1.862731867	1.385954264
-1.226239142	1.130769373	0.531447525	0.209267873	-0.998710851	-0.603470624	0.462083086	0.315058297	-0.286550499	-0.153863466	-1.117953259	0.446977502	0.265322712	0.244213829	-1.255660378	0.078412413	-0.45451733	-1.902810954	-1.501786817	-1.240815502	-0.998710851	-0.987557182
-0.078412413	-1.33442315	-1.591873889	-0.300773842	-0.628171949	-0.813797671	0.202310601	-0.731172307	0.188425032	-1.790524917	-1.460977052	0.998710851	-1.501786817	0.202310601	-0.902393588	0.439462999	-0.842592259	-1.009990169	0.611662814	-1.226239142	-1.825439172	0.188425032
-0.776421761	0.785662535	0.209267873	-0.813797671	-0.882109877	0.251237576	-1.790524917	0.244213829	-0.09208509	-0.462083086	-1.697120332	-1.021399468	0.555132042	0.998710851	0.230202032	0.119484771	1.143773961	1.021399468	0.181496015	-1.211918765	0.251237576	-1.056453949
2.345104662	0.160759774	0.603470624	1.351202935	0.439462999	0.965610478	-0.030656506	0.195363108	0.402250065	-1.757666049	1.616536998	1.545263217	-1.48107362	-0.944119285	1.156974916	-1.545263217	-0.112627241	-0.611662814	0.923055543	-1.197842699	-0.976525035	1.946202375
-0.492617885	0.91267586	-1.143773961	-0.126347925	0.603470624	-0.167663737	-0.293654744	-0.300773842	0.587206217	1.568142731	-0.051108415	-0.539308633	1.044626445	0.965610478	-0.343824517	-0.555132042	-0.146974467	0.167663737	1.255660378	0.492617885	-0.167663737	-0.902393588
-0.722302208	1.669043821	0.882109877	-0.258273739	-0.160759774	1.33442315	2.045954276	0.998710851	0.071581727	0.071581727	-0.365586148	0.923055543	1.184000049	0.484942137	-0.469675385	0.965610478	0.619896262	0.358313528	1.240815502	-1.184000049	0.619896262	0.358313528
0.892205847	0.244213829	-1.021399468	1.403975696	-1.616536998	-0.140092436	0.343824517	-0.51582268	-1.301946185	0.105775004	-2.998020796	-1.616536998	-1.460977052	-0.010217413	0.439462999	0.611662814	-1.056453949	-2.249880663	-0.300773842	0.713488578	0.044289159	0.804348643
0.804348643	0.704730028	-0.954809756	1.568142731	0.653262666	0.098927729	1.368372038	0.365586148	-0.469675385	-1.726602201	0.611662814	0.064754379	-1.441453795	-0.329407333	1.726602201	1.862731867	0.329407333	-0.477294855	1.460977052	-1.170380633	-0.579132162	0.902393588
-1.48107362	-0.35105981	-1.790524917	0.998710851	-1.523165155	-1.368372038	-1.545263217	-1.993601218	-1.270787244	-0.133217035	-1.009990169	-1.669043821	-1.422465003	-1.240815502	-0.216235289	-0.579132162	-0.462083086	-0.687372812	-0.085246759	0.571095686	-1.790524917	-0.293654744
-0.322224522	-0.188425032	0.237202109	2.998020796	0.872103029	-1.021399468	0.279460686	-0.91267586	1.032943298	0.446977502	1.286210621	0.209267873	-1.403975696	-1.211918765	0.293654744	-0.842592259	-0.902393588	-1.368372038	-0.126347925	0.933535639	0.758136008	0.636490883
-0.687372812	-0.160759774	-1.130769373	-0.547203211	-0.417065588	-0.704730028	0.587206217	-0.619896262	0.462083086	-1.697120332	-0.188425032	1.184000049	-1.368372038	0.804348643	0.394875486	0.365586148	-0.286550499	-1.226239142	-0.167663737	-1.143773961	-0.030656506	1.270787244
-1.902810954	-0.329407333	-1.757666049	-0.852346618	-0.402250065	-1.568142731	-0.230202032	-0.653262666	-0.387522319	0.804348643	0.402250065	-1.460977052	-1.351202935	-0.704730028	0.35105981	-1.240815502	-1.993601218	-1.301946185	0.892205847	-1.130769373	0.500322766	1.697120332
-0.6448541	-0.547203211	-0.174575701	-0.071581727	-0.265322712	-0.944119285	-0.547203211	-0.882109877	-0.823319923	0.09208509	-0.872103029	2.345104662	0.842592259	-0.500322766	-0.587206217	0.085246759	-1.460977052	0.098927729	0.293654744	-1.117953259	-0.696025208	-1.318010897
1.669043821	0.492617885	1.946202375	0.539308633	0.611662814	0.174575701	0.140092436	0.619896262	0.343824517	-1.669043821	0.91267586	0.037471962	2.345104662	-0.153863466	-0.45451733	-0.531447525	0.209267873	0.265322712	-0.477294855	-1.105318189	-0.057930049	-0.358313528
-0.085246759	-2.468001988	-1.105318189	-2.104600628	0.133217035	-0.071581727	-1.226239142	0.7490877	1.184000049	0.146974467	1.270787244	-0.358313528	-1.33442315	1.009990169	-0.230202032	-0.804348643	0.555132042	-0.43197323	-0.105775004	1.441453795	-0.882109877	0.402250065
-0.892205847	0.892205847	0.380190046	0.852346618	0.579132162	-0.085246759	-0.531447525	0.044289159	-0.202310601	0.237202109	1.117953259	-0.892205847	0.539308633	-0.424507616	-1.105318189	0.030656506	0.023842473	-0.547203211	-0.119484771	1.226239142	-1.757666049	-0.794970891
2.998020796	0.882109877	0.365586148	0.409646587	-0.409646587	-2.104600628	1.092857156	1.270787244	0.670220259	0.251237576	0.923055543	0.804348643	-1.318010897	-1.460977052	-0.365586148	-0.944119285	-0.258273739	0.45451733	0.209267873	-1.092857156	-1.726602201	1.170380633
0.965610478	-1.080563549	-0.424507616	-0.265322712	0.188425032	-2.249880663	-0.74010031	-0.954809756	0.057930049	0.653262666	-1.255660378	0.523619123	0.862182757	-1.385954264	-0.492617885	-2.645701413	-0.611662814	0.372878156	1.368372038	-1.080563549	0.265322712	-0.409646587
1.591873889	0.804348643	-0.202310601	1.616536998	-0.587206217	-0.251237576	-0.044289159	0.112627241	-0.976525035	-1.642224543	0.174575701	-0.571095686	1.080563549	1.080563549	0.300773842	0.223213218	-0.195363108	0.307908216	1.156974916	-1.068431117	0.611662814	-0.469675385
1.385954264	1.523165155	0.279460686	-0.7490877	1.080563549	0.862182757	-0.882109877	0.265322712	1.197842699	0.987557182	0.181496015	1.351202935	-1.301946185	0.944119285	0.146974467	-0.424507616	-0.563095926	1.270787244	1.117953259	-1.056453949	0.237202109	0.563095926
1.726602201	-2.345104662	0.83291742	-1.441453795	1.757666049	1.009990169	0.678771572	1.318010897	1.301946185	-0.195363108	-0.098927729	0.336607179	-1.286210621	-0.636490883	-0.037471962	0.823319923	1.080563549	0.74010031	0.258273739	-1.044626445	1.044626445	0.670220259
2.171527717	2.045954276	-1.117953259	-0.153863466	-0.181496015	0.272384894	-0.258273739	-0.402250065	-1.403975696	-1.616536998	-0.329407333	0.023842473	-1.270787244	1.946202375	-0.071581727	0.7490877	0.804348643	1.441453795	0.670220259	-0.017029548	-0.555132042	0.216235289
0.653262666	-0.852346618	-1.501786817	-0.380190046	0.202310601	-0.842592259	-0.923055543	0.484942137	1.669043821	0.409646587	-0.244213829	-0.704730028	0.804348643	0.078412413	1.993601218	-0.571095686	0.51582268	0.713488578	1.184000049	0.230202032	0.653262666	1.009990169
-0.804348643	-0.987557182	-0.484942137	0.579132162	0.954809756	-1.197842699	0.547203211	1.009990169	0.010217413	-0.105775004	0.539308633	0.51582268	-1.255660378	-1.862731867	-0.523619123	0.153863466	0.119484771	-1.184000049	1.669043821	0.91267586	-0.417065588	1.902810954
2.104600628	-0.661717677	0.286550499	1.068431117	1.156974916	0.181496015	2.104600628	0.923055543	0.704730028	-0.044289159	1.021399468	-0.785662535	0.758136008	-0.409646587	1.143773961	-0.954809756	1.545263217	0.105775004	0.579132162	-1.032943298	0.43197323	-0.372878156
0.469675385	-0.713488578	0.523619123	-0.804348643	-0.003405752	-0.484942137	-1.385954264	-0.35105981	-0.230202032	-1.591873889	0.523619123	0.394875486	0.462083086	1.184000049	0.167663737	-0.902393588	-1.351202935	-0.595318735	2.171527717	-1.021399468	-0.258273739	0.91267586
-0.882109877	-2.249880663	0.146974467	-1.523165155	-0.767246816	0.91267586	-0.500322766	-1.009990169	-0.272384894	0.758136008	-0.882109877	-1.385954264	-1.240815502	0.336607179	-1.726602201	-1.184000049	0.265322712	0.43197323	0.571095686	0.307908216	1.351202935	-0.862182757
0.976525035	0.216235289	1.009990169	0.862182757	1.545263217	-1.255660378	-0.595318735	1.032943298	0.424507616	1.197842699	0.265322712	1.48107362	1.697120332	-0.653262666	1.226239142	0.892205847	0.071581727	0.976525035	1.021399468	-0.998710851	1.021399468	0.010217413
-0.563095926	0.057930049	0.329407333	0.202310601	-0.146974467	-1.130769373	-0.365586148	1.993601218	0.767246816	1.156974916	0.892205847	-0.823319923	-1.226239142	-1.697120332	0.365586148	-0.300773842	0.571095686	-0.188425032	-0.293654744	-0.987557182	-0.83291742	-0.057930049
0.258273739	0.336607179	-0.944119285	-0.181496015	-0.112627241	0.153863466	1.318010897	0.595318735	-0.35105981	0.315058297	-0.477294855	-0.223213218	0.402250065	0.023842473	1.946202375	1.825439172	0.74010031	-0.358313528	1.385954264	0.43197323	0.202310601	0.119484771
-1.255660378	-0.439462999	-0.300773842	0.160759774	0.531447525	1.48107362	0.010217413	0.188425032	0.508057465	-1.568142731	0.003405752	0.265322712	0.35105981	-0.35105981	0.477294855	2.171527717	0.661717677	0.078412413	0.852346618	0.661717677	-0.523619123	0.017029548
2.468001988	-0.731172307	0.010217413	1.044626445	0.462083086	0.670220259	0.037471962	-0.202310601	1.318010897	-1.545263217	1.092857156	1.156974916	0.037471962	-0.758136008	1.862731867	0.133217035	0.595318735	-0.6448541	0.882109877	0.146974467	-1.009990169	1.993601218
0.174575701	-0.722302208	-1.056453949	-0.731172307	-0.358313528	0.315058297	0.315058297	0.944119285	-0.057930049	-0.160759774	-0.555132042	-0.167663737	0.258273739	-0.140092436	0.051108415	-0.595318735	0.174575701	-0.258273739	0.965610478	0.167663737	0.6448541	0.523619123
0.126347925	-0.017029548	0.181496015	-0.140092436	-0.653262666	-0.862182757	0.251237576	0.523619123	1.156974916	-0.45451733	0.492617885	0.272384894	-1.211918765	0.462083086	-1.385954264	0.813797671	0.010217413	1.697120332	0.051108415	0.098927729	-1.697120332	1.068431117
-0.272384894	-2.171527717	-0.469675385	-0.424507616	0.892205847	-1.616536998	-0.010217413	-0.230202032	1.080563549	-1.523165155	-0.315058297	-0.365586148	1.270787244	-1.032943298	-0.146974467	-0.523619123	0.112627241	-0.380190046	0.933535639	-0.976525035	0.446977502	0.785662535
0.023842473	-0.862182757	-0.409646587	0.500322766	-0.862182757	-0.343824517	0.336607179	0.174575701	0.044289159	1.301946185	-1.642224543	-0.965610478	-1.197842699	-1.616536998	1.545263217	-0.358313528	-0.678771572	-0.882109877	1.056453949	-0.965610478	-0.539308633	-0.587206217
0.767246816	0.140092436	-0.587206217	0.661717677	0.300773842	0.051108415	-0.678771572	0.424507616	0.933535639	-1.501786817	0.555132042	0.794970891	-0.017029548	0.713488578	0.767246816	-0.258273739	0.279460686	-0.315058297	0.315058297	-0.954809756	-0.017029548	-0.492617885
1.056453949	0.713488578	0.619896262	-0.83291742	1.240815502	0.119484771	-0.43197323	-0.044289159	0.595318735	1.523165155	0.315058297	1.270787244	0.085246759	1.441453795	-0.500322766	1.009990169	-0.954809756	0.402250065	0.976525035	0.202310601	-0.307908216	-0.044289159
-1.616536998	-0.492617885	-1.825439172	-1.009990169	-1.422465003	-1.48107362	-0.987557182	-1.105318189	0.167663737	-1.48107362	-0.933535639	-0.279460686	0.469675385	-1.545263217	0.307908216	-1.642224543	-0.322224522	-1.790524917	0.307908216	-0.944119285	0.902393588	-1.156974916
-0.153863466	-0.902393588	-0.563095926	0.387522319	0.523619123	1.403975696	0.195363108	0.852346618	0.439462999	0.555132042	0.387522319	-1.044626445	0.202310601	-0.188425032	0.823319923	0.492617885	1.240815502	1.240815502	0.954809756	0.45451733	-1.669043821	-0.35105981
1.441453795	1.117953259	-0.882109877	-0.933535639	-1.825439172	-0.279460686	-0.954809756	-0.892205847	-0.872103029	-0.279460686	-0.823319923	-0.023842473	1.197842699	0.892205847	0.387522319	-0.126347925	-2.468001988	-0.365586148	1.862731867	1.726602201	-0.044289159	1.117953259
1.790524917	1.044626445	0.300773842	-0.286550499	2.045954276	2.045954276	0.372878156	1.021399468	0.653262666	0.882109877	1.351202935	1.032943298	0.722302208	0.523619123	1.056453949	1.616536998	1.790524917	1.993601218	0.603470624	-0.933535639	1.403975696	-0.45451733
1.946202375	1.368372038	0.696025208	0.43197323	0.722302208	1.790524917	2.171527717	1.757666049	-0.251237576	-0.251237576	0.424507616	0.531447525	1.422465003	1.862731867	0.872103029	-0.153863466	0.446977502	1.318010897	0.731172307	-0.923055543	-0.237202109	-0.272384894
1.757666049	-0.628171949	-1.403975696	0.892205847	2.104600628	0.003405752	0.492617885	0.579132162	-1.255660378	1.368372038	2.468001988	-0.492617885	0.603470624	0.704730028	2.468001988	1.501786817	0.315058297	2.998020796	1.726602201	2.171527717	1.790524917	0.987557182
0.696025208	-0.230202032	-0.91267586	0.258273739	-0.188425032	-0.223213218	0.105775004	0.35105981	-1.591873889	0.933535639	0.794970891	-0.628171949	-1.170380633	-1.422465003	0.74010031	0.003405752	-1.545263217	-0.794970891	1.642224543	-0.91267586	-0.010217413	0.696025208
0.547203211	-0.555132042	-1.255660378	0.003405752	-1.184000049	-1.270787244	-0.286550499	-0.195363108	-0.500322766	-1.460977052	0.696025208	-1.790524917	-1.156974916	-0.492617885	1.092857156	0.83291742	0.670220259	-0.862182757	1.441453795	0.51582268	2.045954276	0.794970891
-0.372878156	0.085246759	-0.336607179	-1.105318189	-0.380190046	-0.387522319	-0.343824517	0.307908216	-0.030656506	0.322224522	0.279460686	0.003405752	-1.143773961	0.167663737	0.133217035	0.300773842	0.057930049	1.460977052	-0.380190046	-0.902393588	-0.09208509	-0.195363108
-1.211918765	0.365586148	0.202310601	-1.642224543	-0.230202032	-0.91267586	-1.143773961	-0.74010031	-1.441453795	-0.023842473	-1.197842699	-1.197842699	-1.130769373	-1.368372038	0.003405752	-0.237202109	-1.240815502	-1.523165155	1.757666049	1.790524917	0.45451733	-0.105775004
1.170380633	1.156974916	0.307908216	-0.611662814	-0.322224522	0.209267873	-0.023842473	0.804348643	0.409646587	-1.441453795	-0.279460686	0.085246759	-1.117953259	0.307908216	1.642224543	-0.003405752	0.153863466	-0.402250065	0.394875486	-0.892205847	-0.071581727	0.954809756
-1.197842699	0.251237576	0.409646587	-0.167663737	-0.731172307	0.030656506	0.030656506	0.446977502	-0.037471962	-0.409646587	-0.446977502	-0.722302208	-1.105318189	-0.064754379	0.343824517	-1.021399468	0.696025208	0.603470624	0.112627241	1.422465003	-0.587206217	-1.117953259
1.33442315	-1.226239142	1.044626445	-0.704730028	-0.167663737	1.056453949	1.422465003	0.43197323	0.823319923	0.017029548	-0.003405752	0.322224522	0.153863466	-0.872103029	-0.477294855	-0.365586148	0.064754379	-0.244213829	-0.030656506	-0.882109877	0.017029548	0.531447525
0.293654744	1.170380633	0.105775004	-0.394875486	-0.140092436	-0.003405752	-0.409646587	-0.030656506	-1.385954264	0.258273739	-1.403975696	-0.976525035	-1.092857156	-0.446977502	-1.301946185	1.33442315	-0.603470624	0.394875486	0.804348643	2.345104662	0.188425032	-0.852346618
1.616536998	-1.117953259	0.424507616	0.051108415	0.731172307	0.188425032	1.642224543	1.697120332	1.591873889	-1.422465003	0.872103029	-0.251237576	1.105318189	0.678771572	0.258273739	-0.923055543	0.492617885	0.653262666	-0.794970891	0.555132042	0.146974467	-0.446977502
0.315058297	-0.336607179	0.587206217	-0.119484771	0.7490877	-0.010217413	-1.156974916	-0.387522319	-1.862731867	-1.403975696	-1.669043821	0.057930049	-1.080563549	0.258273739	-1.642224543	1.902810954	-1.825439172	1.211918765	0.300773842	0.704730028	-0.085246759	-1.032943298
-0.09208509	0.74010031	-0.813797671	-0.439462999	-1.056453949	-0.51582268	-2.104600628	0.51582268	0.119484771	2.645701413	-0.571095686	-0.563095926	1.460977052	0.35105981	1.211918765	-0.037471962	0.587206217	-0.579132162	1.286210621	-0.872103029	0.244213829	-1.009990169
-0.300773842	0.595318735	-0.43197323	-0.35105981	-0.372878156	-0.160759774	-1.403975696	0.933535639	-0.804348643	-1.385954264	-0.358313528	-0.446977502	0.146974467	0.758136008	0.531447525	1.422465003	0.030656506	-0.003405752	0.704730028	0.365586148	-0.402250065	-0.636490883
-0.539308633	1.351202935	0.547203211	-1.591873889	0.119484771	0.167663737	-1.197842699	0.017029548	-0.265322712	-1.368372038	-1.790524917	-0.336607179	-1.056453949	0.579132162	-1.616536998	0.687372812	-0.500322766	-0.230202032	0.563095926	0.813797671	-0.661717677	-2.345104662
1.403975696	0.477294855	0.670220259	0.933535639	2.171527717	1.211918765	0.223213218	2.645701413	2.998020796	0.265322712	2.249880663	1.993601218	2.045954276	0.91267586	-1.501786817	0.944119285	1.021399468	2.645701413	0.085246759	0.409646587	-0.722302208	1.130769373
1.009990169	0.571095686	-0.160759774	0.619896262	0.785662535	1.170380633	0.112627241	1.156974916	1.351202935	0.195363108	0.882109877	1.33442315	0.794970891	0.119484771	1.105318189	-2.468001988	-0.133217035	0.923055543	0.45451733	0.372878156	0.365586148	-0.954809756
-0.112627241	-0.195363108	0.731172307	0.603470624	0.661717677	0.071581727	0.892205847	0.329407333	-0.336607179	-0.181496015	0.446977502	0.010217413	0.619896262	0.003405752	0.587206217	0.286550499	-0.251237576	0.678771572	-1.48107362	0.539308633	0.133217035	0.380190046
1.143773961	0.044289159	0.687372812	0.315058297	1.591873889	2.171527717	0.085246759	1.591873889	-0.126347925	-1.33442315	1.568142731	2.171527717	0.91267586	1.33442315	-0.35105981	1.568142731	0.91267586	1.422465003	1.422465003	0.923055543	0.579132162	1.501786817
1.301946185	0.987557182	-0.322224522	0.731172307	0.293654744	0.43197323	0.611662814	1.616536998	1.616536998	1.080563549	2.645701413	0.563095926	0.531447525	-1.021399468	0.112627241	-0.057930049	-1.068431117	-0.758136008	0.776421761	0.74010031	1.591873889	1.616536998
-0.329407333	-0.892205847	-0.823319923	2.345104662	-0.300773842	0.417065588	0.078412413	0.776421761	1.130769373	0.272384894	-0.336607179	1.301946185	-1.044626445	-0.358313528	-0.322224522	-0.017029548	1.523165155	0.003405752	1.545263217	-0.862182757	-1.032943298	-0.571095686
0.6448541	1.697120332	1.460977052	-1.790524917	0.965610478	0.492617885	-0.051108415	-0.272384894	-1.757666049	-0.417065588	1.156974916	2.998020796	1.946202375	0.085246759	0.628171949	-0.133217035	0.037471962	0.365586148	-1.460977052	-0.852346618	-1.642224543	0.209267873
1.032943298	-0.804348643	-0.258273739	-1.068431117	0.409646587	0.477294855	0.003405752	1.946202375	0.492617885	0.402250065	1.368372038	-1.286210621	-1.032943298	0.439462999	0.892205847	0.230202032	-0.119484771	1.009990169	0.653262666	-0.842592259	-0.424507616	-0.258273739
0.785662535	-0.43197323	-1.032943298	1.143773961	-1.117953259	-0.286550499	0.477294855	-0.146974467	-0.523619123	1.757666049	1.790524917	-1.545263217	-1.021399468	-1.902810954	0.286550499	-0.010217413	0.965610478	0.439462999	0.358313528	-0.010217413	0.230202032	0.279460686
0.83291742	0.209267873	-0.767246816	0.547203211	-1.270787244	-0.174575701	0.023842473	-0.500322766	-0.862182757	0.678771572	-0.852346618	-1.902810954	0.181496015	-1.301946185	0.661717677	-1.697120332	-0.965610478	-1.946202375	-0.687372812	-0.83291742	0.402250065	0.343824517
-0.500322766	0.343824517	0.160759774	0.251237576	0.83291742	0.380190046	-0.195363108	0.767246816	-0.188425032	-0.424507616	0.300773842	-0.83291742	0.998710851	0.813797671	0.902393588	0.409646587	1.117953259	-0.167663737	0.469675385	-0.823319923	-1.616536998	0.35105981
-0.064754379	-0.687372812	-0.842592259	-1.460977052	-0.823319923	-2.045954276	-1.032943298	-2.998020796	-2.249880663	-1.301946185	-1.591873889	-1.422465003	-1.009990169	-0.439462999	0.417065588	-2.345104662	-0.882109877	-1.117953259	-0.023842473	0.394875486	-0.133217035	-1.568142731
0.852346618	-1.197842699	-1.197842699	1.117953259	-2.249880663	0.523619123	0.237202109	0.216235289	-1.726602201	-0.307908216	-0.394875486	-2.998020796	-0.998710851	0.358313528	1.184000049	-1.117953259	0.611662814	1.255660378	2.645701413	1.143773961	1.616536998	-2.249880663
1.501786817	-1.156974916	-1.48107362	0.469675385	-1.301946185	-1.825439172	-0.722302208	-0.923055543	-1.240815502	-1.286210621	-0.547203211	-0.484942137	0.174575701	-1.318010897	0.603470624	-0.563095926	-0.223213218	-0.126347925	2.249880663	-0.813797671	0.300773842	1.240815502
0.933535639	0.603470624	0.776421761	-1.156974916	0.804348643	0.279460686	-0.112627241	1.240815502	-0.704730028	-1.255660378	0.484942137	0.823319923	-0.976525035	1.255660378	-0.804348643	1.156974916	0.477294855	1.184000049	0.477294855	0.636490883	-0.965610478	0.315058297
-0.202310601	0.023842473	0.030656506	-1.669043821	-1.790524917	-1.044626445	-1.286210621	-0.872103029	-2.171527717	-0.293654744	-0.954809756	-1.240815502	-0.965610478	-0.09208509	-2.249880663	-0.195363108	-1.143773961	-0.954809756	0.329407333	-0.804348643	-0.74010031	0.731172307
0.394875486	0.202310601	0.678771572	0.307908216	1.009990169	0.555132042	0.872103029	0.003405752	0.555132042	0.044289159	1.068431117	0.7490877	-0.954809756	-0.044289159	-0.133217035	0.307908216	0.146974467	1.403975696	-0.462083086	0.852346618	-1.591873889	0.424507616
1.422465003	1.616536998	0.322224522	0.670220259	0.998710851	1.286210621	1.044626445	1.255660378	-0.329407333	1.501786817	0.619896262	0.387522319	-0.023842473	1.270787244	0.140092436	1.032943298	-0.044289159	0.51582268	0.83291742	0.003405752	1.170380633	0.687372812
0.119484771	-0.322224522	-0.181496015	1.726602201	-0.944119285	0.017029548	1.056453949	-0.037471962	-1.33442315	1.790524917	0.030656506	-0.882109877	-0.944119285	-1.669043821	-0.272384894	-0.307908216	-0.7490877	-0.823319923	0.794970891	1.021399468	1.105318189	0.098927729
-0.286550499	0.119484771	-1.616536998	0.167663737	0.587206217	-1.318010897	-0.307908216	0.987557182	0.477294855	-1.226239142	1.170380633	-0.51582268	-0.933535639	0.160759774	0.057930049	0.954809756	0.976525035	-0.071581727	1.48107362	0.678771572	1.286210621	1.351202935
-0.758136008	-0.965610478	2.345104662	-0.462083086	-1.368372038	-2.645701413	1.170380633	-1.080563549	0.237202109	1.726602201	-0.892205847	-1.757666049	-0.923055543	-1.726602201	-0.279460686	-0.539308633	-2.171527717	-2.468001988	0.902393588	1.946202375	-1.568142731	-0.237202109
-0.417065588	-1.184000049	1.184000049	-1.117953259	-0.237202109	-0.119484771	-1.568142731	-0.140092436	0.83291742	0.776421761	-0.484942137	-1.48107362	1.068431117	-0.322224522	-0.83291742	1.286210621	-1.902810954	1.616536998	1.009990169	1.501786817	0.539308633	1.460977052
-0.842592259	-0.258273739	0.133217035	0.329407333	0.424507616	0.230202032	-1.669043821	0.126347925	1.862731867	-1.211918765	0.508057465	1.009990169	1.642224543	0.230202032	1.021399468	-0.45451733	-0.555132042	0.387522319	0.119484771	0.315058297	0.74010031	-0.83291742
1.130769373	-2.104600628	-1.993601218	-0.842592259	-0.696025208	-1.080563549	0.500322766	-0.571095686	-1.080563549	0.508057465	-1.156974916	-1.501786817	0.387522319	-0.902393588	0.696025208	-0.628171949	-0.804348643	-1.993601218	1.993601218	0.424507616	0.315058297	0.862182757
0.265322712	0.842592259	1.351202935	2.249880663	1.616536998	1.032943298	-0.315058297	2.045954276	1.993601218	-0.500322766	2.345104662	1.368372038	0.813797671	0.409646587	-2.468001988	0.424507616	1.568142731	2.468001988	-1.441453795	-0.003405752	0.767246816	1.211918765
-0.044289159	-0.126347925	0.417065588	-1.184000049	1.642224543	0.713488578	0.563095926	1.726602201	1.568142731	-1.184000049	-0.202310601	1.286210621	-0.91267586	-0.372878156	0.279460686	0.402250065	2.345104662	1.170380633	-0.776421761	-0.776421761	-0.195363108	1.422465003
-1.351202935	-0.237202109	2.645701413	0.6448541	0.365586148	-1.105318189	1.184000049	0.687372812	0.387522319	-0.477294855	0.322224522	-1.726602201	-0.902393588	0.976525035	0.43197323	-0.603470624	-0.492617885	-0.523619123	-0.492617885	0.023842473	-1.545263217	0.767246816
-1.080563549	-0.300773842	-2.045954276	0.785662535	-1.757666049	-0.265322712	0.944119285	-0.017029548	-0.209267873	1.286210621	0.010217413	-1.697120332	0.587206217	-0.394875486	-0.126347925	-1.105318189	0.188425032	0.174575701	0.365586148	-0.767246816	-0.35105981	1.48107362
1.993601218	0.003405752	-0.085246759	1.301946185	0.484942137	1.270787244	0.322224522	0.098927729	0.265322712	0.944119285	0.587206217	0.704730028	0.023842473	0.417065588	-0.767246816	0.174575701	-1.032943298	1.501786817	-1.422465003	-0.74010031	-0.105775004	1.368372038
0.603470624	0.372878156	-0.678771572	0.653262666	1.403975696	0.882109877	1.130769373	1.669043821	1.902810954	-1.143773961	-1.044626445	1.825439172	0.852346618	0.852346618	-1.156974916	-0.439462999	0.202310601	2.104600628	1.33442315	-0.722302208	-1.523165155	0.492617885
1.240815502	2.645701413	0.628171949	-0.696025208	0.595318735	2.345104662	-1.48107362	1.441453795	0.785662535	1.009990169	0.286550499	0.071581727	0.394875486	1.757666049	-1.197842699	0.998710851	2.998020796	2.171527717	-0.882109877	1.48107362	-0.933535639	-0.223213218
2.249880663	0.300773842	0.446977502	1.993601218	1.862731867	1.726602201	0.365586148	1.825439172	0.500322766	-1.130769373	1.422465003	2.468001988	0.126347925	-0.678771572	0.469675385	0.670220259	0.044289159	0.300773842	-0.603470624	-0.713488578	0.571095686	-0.882109877
-1.993601218	-2.045954276	-1.862731867	-0.293654744	-0.174575701	-1.501786817	-0.892205847	-1.545263217	0.852346618	-1.105318189	-1.021399468	1.143773961	-0.882109877	0.09208509	-1.862731867	-1.351202935	-0.35105981	-0.286550499	-1.403975696	0.794970891	0.944119285	0.6448541
0.987557182	0.965610478	-1.726602201	1.642224543	1.825439172	0.258273739	0.126347925	1.545263217	0.998710851	-1.092857156	1.130769373	-0.037471962	-0.872103029	-0.477294855	0.017029548	0.146974467	1.211918765	0.670220259	2.468001988	1.270787244	0.842592259	1.286210621
0.555132042	-0.387522319	0.902393588	2.645701413	-0.722302208	-0.051108415	-0.35105981	0.954809756	1.33442315	-1.080563549	-0.678771572	0.409646587	-0.862182757	-0.794970891	0.785662535	-0.251237576	1.591873889	-1.501786817	-0.071581727	-0.696025208	0.882109877	0.223213218
0.230202032	0.587206217	1.422465003	1.862731867	-0.446977502	0.140092436	0.051108415	0.722302208	1.545263217	-1.068431117	-0.387522319	0.105775004	2.468001988	0.785662535	0.216235289	-1.403975696	0.933535639	-0.923055543	0.174575701	-0.687372812	1.301946185	-0.085246759
1.286210621	2.171527717	0.336607179	-0.628171949	0.776421761	0.7490877	-0.372878156	1.422465003	0.258273739	-0.244213829	-0.09208509	1.092857156	-0.852346618	1.117953259	-0.785662535	1.385954264	-0.003405752	0.785662535	0.91267586	1.523165155	-0.322224522	0.394875486
1.105318189	0.563095926	-1.697120332	1.460977052	-0.293654744	0.329407333	-1.009990169	-0.112627241	0.336607179	0.188425032	-0.6448541	0.758136008	0.45451733	-0.998710851	-0.244213829	0.037471962	1.642224543	0.484942137	0.944119285	0.563095926	-0.286550499	0.882109877
-0.653262666	-1.993601218	-0.804348643	-1.351202935	0.6448541	-0.45451733	0.758136008	0.91267586	0.696025208	0.085246759	1.143773961	0.372878156	-0.842592259	-2.104600628	0.023842473	-0.35105981	1.33442315	-0.343824517	2.345104662	0.195363108	-0.619896262	0.417065588
0.188425032	0.469675385	-0.579132162	1.156974916	-0.119484771	-0.882109877	1.523165155	0.140092436	0.078412413	0.976525035	1.48107362	1.757666049	0.579132162	-0.74010031	0.595318735	-0.293654744	0.842592259	-1.441453795	1.616536998	1.286210621	0.272384894	0.892205847
-0.446977502	-0.244213829	0.954809756	-1.170380633	1.48107362	0.146974467	-0.336607179	1.501786817	2.104600628	-1.056453949	1.211918765	-0.105775004	-0.83291742	-0.579132162	-0.286550499	-0.767246816	0.409646587	-0.160759774	1.143773961	0.322224522	0.279460686	0.704730028
0.500322766	0.678771572	0.315058297	0.954809756	0.329407333	1.130769373	-0.322224522	0.785662535	0.636490883	0.477294855	0.258273739	1.021399468	-0.823319923	1.130769373	0.619896262	-0.394875486	0.09208509	0.704730028	1.197842699	-0.678771572	-1.48107362	0.944119285
1.092857156	0.508057465	0.804348643	0.265322712	1.523165155	1.501786817	0.098927729	2.171527717	1.501786817	-0.358313528	-0.146974467	2.045954276	0.358313528	0.767246816	1.068431117	0.279460686	-0.140092436	0.258273739	0.842592259	-0.670220259	0.976525035	0.071581727
-1.170380633	-0.112627241	1.545263217	-0.678771572	0.167663737	-1.757666049	0.531447525	0.603470624	1.726602201	-0.071581727	-0.057930049	0.279460686	-0.813797671	-0.119484771	-1.117953259	-0.500322766	-1.642224543	-0.776421761	0.51582268	0.670220259	-0.462083086	1.757666049
-0.636490883	1.211918765	0.09208509	-0.387522319	0.619896262	1.318010897	0.402250065	0.794970891	0.365586148	0.112627241	0.188425032	-1.068431117	0.119484771	-0.45451733	0.071581727	-0.209267873	-0.160759774	-0.603470624	1.790524917	-0.653262666	0.83291742	-0.286550499
-0.279460686	-1.286210621	-0.758136008	0.882109877	-0.872103029	-0.329407333	1.385954264	-2.045954276	-2.104600628	-1.032943298	0.244213829	-0.078412413	-0.794970891	-1.044626445	2.171527717	-1.044626445	-0.696025208	-0.329407333	-1.385954264	-0.6448541	1.460977052	-0.202310601
-0.126347925	0.402250065	0.387522319	2.045954276	0.251237576	0.704730028	0.696025208	0.653262666	-1.545263217	1.318010897	-0.462083086	0.767246816	1.568142731	-0.126347925	-0.181496015	0.731172307	0.882109877	-0.446977502	-0.343824517	1.240815502	-1.056453949	-0.112627241
0.862182757	-0.417065588	-0.279460686	0.057930049	-0.315058297	0.794970891	-0.704730028	1.286210621	0.43197323	0.119484771	-0.842592259	1.105318189	-0.776421761	1.056453949	0.181496015	0.336607179	-1.441453795	0.539308633	0.823319923	-0.636490883	-0.91267586	0.628171949
-0.237202109	1.255660378	-0.619896262	-0.133217035	0.417065588	-0.7490877	-1.301946185	0.322224522	-0.603470624	0.223213218	0.017029548	-0.670220259	-0.767246816	0.272384894	-1.669043821	0.785662535	0.767246816	1.757666049	-1.368372038	0.051108415	-1.460977052	-0.462083086
0.409646587	-1.946202375	0.230202032	0.758136008	-0.044289159	-0.424507616	0.160759774	0.902393588	-0.010217413	-1.021399468	0.687372812	0.160759774	0.704730028	-0.852346618	0.944119285	-1.255660378	0.417065588	-1.385954264	0.343824517	0.603470624	0.394875486	-0.153863466
-0.409646587	0.293654744	-0.439462999	0.628171949	-0.153863466	0.237202109	0.293654744	0.587206217	0.202310601	-1.009990169	0.044289159	0.078412413	0.09208509	-1.255660378	0.272384894	-1.568142731	-0.010217413	0.595318735	0.064754379	-0.628171949	-0.477294855	-1.143773961
0.882109877	1.143773961	-0.105775004	-0.531447525	0.902393588	0.09208509	0.813797671	0.731172307	0.619896262	0.687372812	-0.417065588	1.068431117	0.424507616	0.064754379	0.500322766	0.394875486	-0.329407333	0.409646587	0.758136008	0.030656506	-0.126347925	0.713488578
0.678771572	-0.409646587	-0.872103029	0.446977502	0.794970891	-0.037471962	-1.33442315	1.403975696	0.230202032	-0.998710851	-0.174575701	0.933535639	-0.758136008	-0.611662814	0.804348643	-0.892205847	0.731172307	0.813797671	-1.351202935	-0.619896262	-0.098927729	2.998020796
0.133217035	0.424507616	-0.372878156	-0.030656506	-0.758136008	0.010217413	1.286210621	0.010217413	-0.882109877	0.852346618	-0.813797671	-0.531447525	-0.7490877	0.017029548	-0.293654744	-0.670220259	-0.126347925	-0.976525035	1.902810954	2.998020796	-0.954809756	-0.6448541
0.051108415	-0.998710851	-0.547203211	0.230202032	-0.91267586	-0.202310601	-0.539308633	2.104600628	0.872103029	-0.987557182	0.140092436	-1.993601218	-0.74010031	-1.068431117	1.368372038	0.343824517	-0.636490883	-0.484942137	2.998020796	0.902393588	-1.441453795	-0.776421761
1.184000049	0.579132162	0.258273739	0.286550499	1.184000049	1.301946185	0.133217035	0.823319923	0.051108415	0.842592259	1.460977052	-0.500322766	0.628171949	2.104600628	-1.092857156	-0.322224522	-0.174575701	1.642224543	0.265322712	1.092857156	-0.209267873	-0.146974467
-0.954809756	-0.83291742	-0.523619123	1.545263217	-1.170380633	-1.946202375	-1.902810954	-0.628171949	-0.216235289	-0.976525035	0.862182757	-0.944119285	-0.731172307	-1.946202375	0.923055543	-0.813797671	0.272384894	-1.255660378	-0.174575701	0.272384894	2.104600628	-0.387522319
0.446977502	-0.133217035	-0.380190046	1.130769373	1.286210621	1.862731867	0.064754379	1.902810954	0.628171949	0.492617885	1.825439172	0.731172307	0.372878156	0.010217413	1.902810954	0.653262666	0.653262666	0.842592259	1.092857156	1.993601218	-0.670220259	0.057930049
0.202310601	-0.933535639	-1.184000049	-0.223213218	-0.09208509	-0.547203211	1.441453795	-0.785662535	-0.380190046	0.902393588	-0.307908216	1.385954264	-0.722302208	-0.563095926	1.33442315	-0.272384894	0.223213218	-0.469675385	2.045954276	1.301946185	-1.422465003	0.140092436
0.91267586	-0.563095926	-0.209267873	-0.603470624	0.223213218	-0.767246816	1.757666049	0.064754379	0.902393588	-0.965610478	-0.696025208	0.424507616	0.010217413	0.223213218	0.965610478	0.539308633	0.6448541	-0.91267586	0.678771572	0.758136008	0.030656506	-0.160759774
0.823319923	-0.6448541	-1.642224543	-0.595318735	-2.998020796	-1.523165155	-1.080563549	-1.697120332	-1.523165155	-0.286550499	-2.345104662	-2.171527717	0.477294855	-1.170380633	0.492617885	-2.249880663	-1.368372038	-2.645701413	0.7490877	-0.611662814	2.998020796	-0.523619123
1.48107362	-0.365586148	-1.044626445	0.244213829	0.678771572	-0.446977502	-0.842592259	-0.126347925	1.422465003	0.329407333	-0.628171949	0.785662535	-0.713488578	1.032943298	1.080563549	-2.171527717	0.244213829	0.153863466	0.872103029	0.462083086	-1.403975696	1.545263217
1.545263217	-0.91267586	-0.167663737	-0.661717677	-0.508057465	1.117953259	-2.171527717	0.571095686	1.286210621	0.767246816	-0.731172307	-0.74010031	-0.704730028	0.619896262	-1.009990169	-0.587206217	1.946202375	0.417065588	-0.223213218	0.731172307	-0.902393588	-0.539308633
-0.402250065	-0.469675385	-0.6448541	0.112627241	0.636490883	0.023842473	0.394875486	1.092857156	0.372878156	-0.954809756	0.037471962	0.813797671	-0.696025208	-1.226239142	0.265322712	-0.678771572	-1.523165155	-1.642224543	0.722302208	1.197842699	0.223213218	-0.43197323
0.064754379	0.539308633	-0.230202032	-1.130769373	2.345104662	2.104600628	1.48107362	1.642224543	0.758136008	1.993601218	0.251237576	0.882109877	-0.687372812	1.726602201	0.153863466	-0.265322712	2.249880663	0.852346618	0.998710851	-0.603470624	-1.385954264	-2.171527717
0.462083086	-0.823319923	-1.270787244	0.133217035	-1.105318189	-1.902810954	-0.387522319	-0.265322712	-0.842592259	-0.944119285	0.126347925	0.098927729	-0.678771572	-1.501786817	-0.462083086	-1.170380633	0.523619123	-2.104600628	0.6448541	-0.595318735	-0.508057465	-1.385954264
1.368372038	0.307908216	-0.315058297	-0.409646587	-0.336607179	-0.315058297	-1.642224543	-0.611662814	-0.587206217	-0.265322712	1.501786817	1.422465003	-0.670220259	-0.83291742	1.422465003	-0.987557182	-0.265322712	-0.872103029	-1.33442315	-0.587206217	0.661717677	1.642224543
-0.119484771	-0.140092436	0.944119285	0.767246816	-0.133217035	1.351202935	1.790524917	-1.757666049	-1.946202375	-0.933535639	0.653262666	0.181496015	-0.661717677	-0.547203211	0.976525035	0.010217413	-0.071581727	0.057930049	0.539308633	0.105775004	1.757666049	-0.023842473
0.037471962	-0.372878156	-0.286550499	-0.6448541	-0.329407333	-0.636490883	-0.636490883	-0.078412413	-1.697120332	-0.037471962	-0.902393588	-0.098927729	1.351202935	-1.156974916	-0.265322712	-0.174575701	-0.571095686	-1.080563549	-0.74010031	-0.579132162	-1.368372038	-1.403975696
-0.83291742	-0.785662535	1.032943298	-0.230202032	-1.044626445	-0.785662535	-1.170380633	-0.477294855	1.105318189	-0.923055543	-1.422465003	-0.216235289	-0.653262666	-0.380190046	-0.098927729	-0.51582268	0.902393588	-0.987557182	-0.469675385	0.83291742	0.307908216	-0.265322712
-0.230202032	1.286210621	-0.902393588	0.823319923	0.195363108	-0.531447525	0.862182757	0.477294855	-0.45451733	0.872103029	0.902393588	-0.409646587	0.508057465	0.394875486	-0.508057465	-0.044289159	-0.343824517	-0.587206217	0.713488578	-0.571095686	-1.351202935	0.146974467
-0.307908216	0.555132042	0.174575701	-0.372878156	0.023842473	-0.500322766	-0.469675385	0.358313528	0.35105981	-0.017029548	2.045954276	0.83291742	0.380190046	-0.315058297	-0.251237576	0.579132162	0.098927729	-0.45451733	0.43197323	-0.563095926	0.098927729	2.645701413
0.7490877	-0.758136008	0.976525035	0.237202109	0.882109877	0.539308633	-0.696025208	0.105775004	0.6448541	0.358313528	0.146974467	-0.804348643	1.240815502	1.068431117	0.636490883	0.417065588	-0.057930049	-0.636490883	0.003405752	1.068431117	0.555132042	-0.336607179
-0.188425032	1.240815502	1.105318189	-0.365586148	-0.704730028	0.892205847	-0.6448541	-0.336607179	0.322224522	-0.91267586	-1.130769373	-0.902393588	0.902393588	2.345104662	-0.933535639	1.790524917	1.255660378	-0.078412413	0.595318735	0.477294855	-0.202310601	-0.767246816
0.071581727	0.619896262	0.343824517	-0.944119285	-0.365586148	0.51582268	0.174575701	-0.133217035	-1.902810954	-0.902393588	-1.226239142	-0.611662814	-0.6448541	0.670220259	0.010217413	-0.508057465	1.825439172	1.301946185	1.825439172	1.616536998	-0.628171949	-0.188425032
0.085246759	-0.424507616	0.563095926	-1.044626445	-0.776421761	-0.380190046	-0.439462999	0.237202109	-0.279460686	0.244213829	1.385954264	0.167663737	-0.636490883	-0.587206217	1.301946185	0.272384894	1.044626445	-1.726602201	0.336607179	-0.555132042	0.105775004	2.171527717
-0.160759774	-1.902810954	-0.687372812	-1.825439172	0.037471962	-0.409646587	0.265322712	-0.813797671	1.092857156	0.078412413	-1.270787244	-0.794970891	-0.628171949	-0.976525035	-0.167663737	-2.104600628	1.460977052	-0.944119285	-1.318010897	0.181496015	-1.33442315	-1.48107362
-1.092857156	-1.825439172	0.372878156	-1.616536998	0.45451733	-0.188425032	-0.767246816	-0.976525035	0.133217035	0.230202032	1.009990169	0.153863466	1.092857156	0.188425032	-0.965610478	0.181496015	-0.188425032	0.722302208	-1.301946185	-0.539308633	-1.318010897	-1.092857156
0.372878156	-0.279460686	-0.051108415	-0.91267586	-0.51582268	-1.092857156	-0.51582268	-0.595318735	-1.032943298	1.105318189	0.078412413	0.230202032	0.713488578	-0.767246816	-0.409646587	0.571095686	-1.501786817	-1.545263217	-0.862182757	-0.531447525	-1.301946185	-0.944119285
-0.944119285	-1.790524917	-0.83291742	0.071581727	-0.987557182	-0.611662814	1.568142731	-0.944119285	-1.460977052	-0.085246759	0.272384894	-0.998710851	-0.611662814	-2.171527717	-0.044289159	0.057930049	-2.998020796	-1.032943298	-0.704730028	-0.523619123	-0.064754379	-0.731172307
0.902393588	0.531447525	2.249880663	0.976525035	-0.439462999	0.563095926	1.946202375	0.6448541	-0.492617885	0.343824517	0.133217035	-0.469675385	-0.603470624	0.987557182	-0.823319923	0.902393588	0.923055543	-0.272384894	-0.713488578	-0.51582268	-0.174575701	2.045954276
0.030656506	0.813797671	1.862731867	1.946202375	0.153863466	0.944119285	2.645701413	1.211918765	-0.74010031	-0.402250065	0.057930049	-0.044289159	-0.595318735	-0.417065588	-0.882109877	1.056453949	-0.037471962	-0.628171949	-0.336607179	-0.508057465	-0.704730028	1.726602201
0.010217413	0.653262666	2.468001988	0.098927729	-1.092857156	0.661717677	1.616536998	0.037471962	-0.300773842	0.140092436	-1.080563549	-0.6448541	-0.587206217	0.037471962	-1.044626445	-0.223213218	0.462083086	0.424507616	-0.842592259	-0.500322766	0.126347925	0.852346618
-1.726602201	0.462083086	0.265322712	0.804348643	-0.051108415	-0.293654744	-0.45451733	-0.167663737	0.209267873	0.202310601	0.500322766	-0.146974467	-0.579132162	-0.057930049	0.6448541	0.237202109	0.216235289	1.143773961	0.387522319	0.587206217	0.492617885	-0.579132162
-0.146974467	1.757666049	-0.003405752	-1.368372038	0.265322712	1.368372038	-1.501786817	0.223213218	-0.51582268	-0.892205847	0.477294855	0.223213218	1.021399468	0.402250065	-0.539308633	1.757666049	-0.272384894	0.477294855	-0.892205847	0.010217413	-1.286210621	-1.902810954
-1.757666049	0.976525035	0.057930049	-1.318010897	-0.343824517	-0.670220259	-1.117953259	-0.439462999	-0.923055543	-0.336607179	-0.563095926	-0.767246816	1.669043821	-0.230202032	-1.902810954	-0.230202032	-0.687372812	-0.653262666	-1.286210621	0.336607179	-0.794970891	-0.704730028
-0.010217413	1.301946185	1.117953259	0.51582268	1.351202935	1.240815502	1.143773961	0.539308633	0.563095926	-0.882109877	0.83291742	0.195363108	0.098927729	1.545263217	0.380190046	0.6448541	0.713488578	0.619896262	0.244213829	0.619896262	-0.380190046	0.112627241
-0.611662814	0.146974467	0.923055543	0.704730028	0.322224522	-0.126347925	0.446977502	-0.085246759	0.842592259	-0.872103029	-0.619896262	0.852346618	-0.571095686	-0.017029548	1.790524917	0.696025208	-0.547203211	-0.279460686	0.424507616	-0.492617885	0.547203211	0.126347925
-0.713488578	1.825439172	-0.216235289	-1.862731867	-0.071581727	0.265322712	-0.813797671	0.078412413	-0.619896262	-0.126347925	1.726602201	0.402250065	1.862731867	-0.661717677	-0.91267586	-0.722302208	-1.403975696	1.351202935	0.272384894	-0.484942137	-0.611662814	-1.33442315
-0.852346618	-1.056453949	0.51582268	-0.823319923	-0.35105981	-0.804348643	0.842592259	-0.531447525	-0.944119285	0.661717677	0.119484771	-1.170380633	1.286210621	0.500322766	-2.345104662	0.923055543	-1.422465003	0.051108415	-1.270787244	-0.477294855	0.064754379	0.293654744
-2.171527717	-0.286550499	-0.402250065	0.462083086	0.923055543	-0.722302208	0.216235289	1.044626445	2.045954276	-0.862182757	0.713488578	-0.933535639	1.403975696	-0.523619123	1.501786817	-0.933535639	1.368372038	-0.223213218	0.202310601	0.508057465	-0.563095926	-0.380190046
-0.387522319	-0.767246816	0.223213218	0.322224522	-0.933535639	0.387522319	-0.902393588	0.439462999	-1.068431117	-0.852346618	0.758136008	-0.265322712	0.417065588	-0.842592259	-1.056453949	1.211918765	-0.209267873	-0.105775004	1.403975696	-0.469675385	0.794970891	0.603470624
-1.105318189	0.322224522	-1.545263217	0.119484771	-1.460977052	-0.678771572	-1.240815502	-1.642224543	-0.446977502	1.240815502	-1.993601218	-0.051108415	-0.563095926	0.365586148	0.933535639	1.726602201	-1.318010897	0.237202109	1.080563549	-0.462083086	0.293654744	1.441453795
-1.385954264	1.226239142	-0.7490877	0.174575701	-1.021399468	0.804348643	0.209267873	0.153863466	-1.318010897	-0.315058297	0.678771572	-0.394875486	-0.555132042	1.993601218	-1.226239142	-0.119484771	-0.731172307	-0.209267873	-0.539308633	0.767246816	-0.758136008	0.105775004
-1.591873889	-0.394875486	-1.33442315	-0.279460686	-0.43197323	-0.892205847	0.579132162	-0.098927729	0.105775004	-0.057930049	0.216235289	-0.508057465	-0.547203211	0.300773842	-0.531447525	-0.619896262	0.003405752	-0.713488578	-0.424507616	0.286550499	-1.270787244	0.661717677
-0.380190046	0.628171949	-0.500322766	-0.45451733	-0.098927729	0.731172307	-0.133217035	0.469675385	-0.547203211	0.133217035	0.209267873	0.595318735	-0.539308633	0.293654744	0.202310601	0.678771572	0.424507616	0.492617885	0.862182757	-0.45451733	-0.687372812	-1.130769373
-0.555132042	-0.7490877	-0.862182757	0.7490877	-0.687372812	-0.872103029	0.804348643	1.056453949	0.030656506	-0.842592259	1.862731867	-0.923055543	-0.531447525	0.044289159	-1.697120332	-0.387522319	-0.872103029	-0.998710851	0.987557182	-0.446977502	-0.279460686	-0.051108415
-0.579132162	-0.611662814	1.616536998	-0.785662535	0.813797671	0.767246816	-0.146974467	-0.823319923	-0.713488578	-0.823319923	0.439462999	0.722302208	-0.508057465	0.882109877	1.170380633	-0.112627241	-0.794970891	0.804348643	-0.133217035	-0.43197323	0.322224522	-0.037471962
-0.051108415	0.862182757	0.794970891	-0.209267873	-0.057930049	0.462083086	0.628171949	0.508057465	-0.555132042	-0.813797671	0.394875486	-0.91267586	-0.500322766	0.902393588	-0.112627241	-0.085246759	-0.892205847	-0.044289159	-0.140092436	1.642224543	0.696025208	-0.91267586
1.197842699	0.112627241	0.153863466	0.923055543	1.211918765	0.933535639	1.240815502	1.184000049	1.523165155	-0.078412413	1.441453795	0.6448541	0.976525035	-0.265322712	1.523165155	-0.372878156	0.167663737	1.092857156	-1.240815502	0.258273739	0.372878156	0.064754379
1.318010897	1.33442315	-1.286210621	0.044289159	-0.251237576	0.902393588	0.439462999	1.130769373	-0.731172307	-0.804348643	-0.030656506	1.240815502	0.571095686	0.794970891	2.249880663	2.998020796	0.237202109	0.823319923	-0.661717677	-0.424507616	0.153863466	0.587206217
-0.439462999	-0.508057465	1.385954264	0.531447525	0.670220259	-1.301946185	1.197842699	0.119484771	-0.307908216	-0.794970891	0.852346618	-1.301946185	0.653262666	-0.965610478	-0.722302208	-0.462083086	0.181496015	0.146974467	0.071581727	2.104600628	-0.731172307	-0.030656506
0.713488578	-0.265322712	0.484942137	-0.722302208	-0.611662814	-0.372878156	-0.83291742	-0.424507616	-0.563095926	-0.140092436	0.293654744	-0.872103029	1.130769373	-0.279460686	0.882109877	0.619896262	-0.987557182	-0.409646587	1.697120332	1.130769373	0.823319923	-0.603470624
0.181496015	1.862731867	-0.539308633	-0.402250065	0.539308633	0.547203211	0.882109877	0.563095926	0.51582268	0.424507616	-0.424507616	0.661717677	-0.492617885	1.642224543	0.315058297	1.946202375	-0.279460686	0.446977502	-1.211918765	1.385954264	0.508057465	-0.017029548
0.872103029	0.823319923	1.501786817	-0.653262666	-0.010217413	1.105318189	1.068431117	-0.064754379	-0.477294855	-0.785662535	-0.653262666	-0.696025208	0.307908216	2.171527717	-0.611662814	1.460977052	-0.372878156	0.462083086	-0.146974467	-0.409646587	0.167663737	-2.104600628
0.587206217	-1.757666049	1.591873889	-0.307908216	-0.030656506	0.078412413	1.117953259	-1.441453795	-0.776421761	0.051108415	0.823319923	-0.343824517	-0.484942137	-0.508057465	0.7490877	-1.993601218	0.343824517	0.563095926	-1.197842699	0.862182757	0.954809756	-0.687372812
0.670220259	1.092857156	0.6448541	1.790524917	-0.477294855	0.45451733	0.409646587	1.080563549	0.272384894	0.209267873	0.785662535	0.315058297	0.071581727	-0.882109877	-0.555132042	0.587206217	1.226239142	0.202310601	-0.272384894	0.892205847	-0.293654744	-0.216235289
0.417065588	0.188425032	0.358313528	-0.587206217	-0.462083086	-1.862731867	-0.933535639	-0.258273739	0.523619123	0.91267586	-0.380190046	-0.329407333	-0.477294855	-0.469675385	-0.336607179	0.195363108	0.293654744	1.385954264	-0.209267873	-0.402250065	-0.492617885	0.372878156
0.636490883	1.545263217	-0.731172307	1.226239142	-0.6448541	0.105775004	1.351202935	-0.45451733	-0.508057465	0.037471962	0.358313528	-0.174575701	0.237202109	1.368372038	-0.394875486	-0.146974467	-0.237202109	-0.678771572	0.216235289	0.133217035	-1.021399468	0.579132162
-0.619896262	1.068431117	-0.010217413	0.023842473	0.74010031	0.286550499	-0.587206217	0.293654744	-0.358313528	0.153863466	0.944119285	-0.300773842	0.785662535	1.021399468	-2.171527717	0.112627241	-1.021399468	0.119484771	-1.184000049	-0.394875486	-1.255660378	-0.696025208
-1.545263217	1.568142731	0.713488578	-1.33442315	0.976525035	-0.563095926	-1.591873889	0.380190046	0.7490877	0.965610478	0.336607179	0.696025208	1.523165155	0.555132042	-0.380190046	1.197842699	-0.017029548	-0.696025208	-0.670220259	0.776421761	-1.044626445	-0.595318735
0.923055543	-0.064754379	-0.595318735	-1.726602201	-1.318010897	-0.492617885	-2.645701413	-1.068431117	-1.211918765	-0.322224522	-0.439462999	-0.010217413	0.636490883	-0.628171949	-0.057930049	1.351202935	-1.286210621	0.044289159	0.661717677	1.105318189	-0.531447525	-2.045954276
1.270787244	1.318010897	1.197842699	0.523619123	-0.579132162	0.83291742	2.468001988	-1.403975696	-2.468001988	0.523619123	0.842592259	-0.153863466	-0.469675385	1.143773961	1.48107362	0.500322766	-2.104600628	0.209267873	-0.003405752	-0.387522319	2.645701413	-1.993601218
0.563095926	-0.882109877	0.078412413	-0.216235289	-0.619896262	0.424507616	-1.255660378	-0.758136008	0.300773842	-0.776421761	-1.501786817	-0.09208509	-0.462083086	0.133217035	0.704730028	0.74010031	1.184000049	0.902393588	0.133217035	-0.380190046	1.825439172	-0.365586148
-0.293654744	0.954809756	1.240815502	-0.051108415	0.687372812	0.195363108	1.825439172	0.670220259	0.579132162	0.372878156	0.167663737	-0.477294855	0.251237576	0.954809756	-1.48107362	0.933535639	-0.153863466	0.954809756	-0.181496015	0.872103029	-0.6448541	0.446977502
-0.998710851	-0.571095686	0.636490883	-1.568142731	-1.286210621	-1.032943298	-1.993601218	-1.318010897	0.731172307	-0.767246816	-0.603470624	-1.092857156	-0.45451733	0.6448541	-0.188425032	-1.946202375	-1.092857156	-1.105318189	-0.35105981	0.611662814	-0.223213218	-0.477294855
-0.484942137	0.030656506	0.071581727	-1.080563549	0.336607179	-0.300773842	0.661717677	-0.661717677	0.251237576	0.500322766	-0.587206217	-0.372878156	0.017029548	0.477294855	-0.315058297	-0.216235289	-1.33442315	1.080563549	0.636490883	0.071581727	0.484942137	0.023842473
-2.249880663	-1.726602201	-1.170380633	-1.993601218	-1.240815502	-1.240815502	-1.318010897	-1.33442315	-0.417065588	-0.758136008	-0.223213218	-1.105318189	0.696025208	-1.197842699	-2.104600628	-0.872103029	-1.669043821	0.687372812	-0.439462999	1.170380633	-1.226239142	-1.351202935
-2.998020796	0.409646587	-0.098927729	-0.758136008	-0.813797671	-0.477294855	-1.697120332	-0.394875486	-1.021399468	0.439462999	-0.265322712	-0.35105981	1.170380633	1.240815502	-1.568142731	0.804348643	-0.767246816	-0.300773842	-0.017029548	0.628171949	-1.211918765	-0.119484771
-2.045954276	-1.697120332	-0.35105981	-2.045954276	-0.563095926	-2.171527717	-1.460977052	-1.240815502	-0.611662814	-0.469675385	-0.133217035	-1.117953259	0.209267873	0.539308633	-1.993601218	0.636490883	-1.616536998	-1.197842699	-0.852346618	-0.372878156	-1.197842699	-1.105318189
0.523619123	1.385954264	0.051108415	0.126347925	-0.523619123	-1.143773961	0.7490877	-0.794970891	-0.7490877	1.669043821	-0.998710851	-1.441453795	-0.446977502	0.722302208	-0.003405752	-0.852346618	-1.170380633	-0.237202109	-1.170380633	0.987557182	0.258273739	0.174575701
-0.670220259	0.45451733	1.301946185	0.216235289	0.051108415	1.044626445	-0.300773842	0.402250065	-0.902393588	1.170380633	-0.010217413	-0.687372812	-0.439462999	0.237202109	-0.174575701	-0.713488578	-0.030656506	0.628171949	-0.484942137	-0.365586148	-0.45451733	-1.790524917
-0.823319923	-0.010217413	0.661717677	-0.965610478	-1.545263217	-0.258273739	0.965610478	-0.862182757	-0.785662535	0.892205847	-0.293654744	-0.987557182	0.167663737	1.170380633	-0.030656506	0.126347925	-1.726602201	-0.387522319	-0.394875486	-0.358313528	0.023842473	-1.170380633
-0.105775004	1.946202375	1.726602201	0.372878156	1.270787244	2.645701413	-0.571095686	0.813797671	-0.174575701	-0.7490877	0.965610478	-0.417065588	0.030656506	1.902810954	-1.460977052	1.993601218	2.045954276	0.933535639	-0.6448541	0.140092436	-0.636490883	-1.197842699
-1.240815502	1.460977052	1.523165155	0.017029548	1.318010897	1.385954264	-0.477294855	1.460977052	0.003405752	2.468001988	0.230202032	0.017029548	-0.43197323	0.628171949	-0.813797671	1.368372038	1.068431117	0.882109877	0.105775004	-0.35105981	-0.272384894	-0.547203211
-0.74010031	-1.068431117	-0.976525035	-2.468001988	-0.804348643	-1.460977052	0.6448541	-1.143773961	0.469675385	0.057930049	0.098927729	-0.315058297	0.279460686	0.611662814	1.825439172	-0.91267586	1.697120332	-0.133217035	0.098927729	1.33442315	0.09208509	-0.140092436
0.595318735	1.270787244	1.170380633	0.776421761	2.249880663	1.993601218	0.09208509	2.468001988	-0.322224522	-0.167663737	0.071581727	1.117953259	-0.424507616	0.661717677	-0.776421761	2.249880663	2.171527717	1.068431117	0.484942137	1.318010897	0.329407333	0.508057465
-1.117953259	1.105318189	0.044289159	-0.713488578	0.758136008	0.872103029	-0.628171949	0.872103029	0.037471962	1.642224543	0.09208509	0.492617885	1.501786817	1.286210621	1.009990169	2.045954276	1.403975696	0.160759774	0.188425032	0.439462999	-0.767246816	-0.508057465
0.078412413	2.104600628	0.91267586	0.508057465	1.568142731	1.156974916	-0.037471962	1.351202935	-0.998710851	0.813797671	-0.085246759	1.616536998	0.563095926	0.146974467	0.085246759	1.143773961	1.616536998	1.032943298	-1.156974916	0.085246759	1.130769373	-0.251237576
-0.923055543	-1.669043821	-0.358313528	-0.882109877	1.170380633	-1.068431117	-0.965610478	-0.43197323	2.468001988	-0.74010031	-0.43197323	0.286550499	-0.417065588	-0.531447525	-0.105775004	1.080563549	1.318010897	0.944119285	0.286550499	0.343824517	1.092857156	0.842592259
0.439462999	-0.477294855	-0.696025208	-0.923055543	-0.670220259	-0.230202032	1.211918765	-1.156974916	-0.293654744	0.43197323	-1.568142731	-2.645701413	-0.409646587	-1.184000049	1.318010897	-1.032943298	0.758136008	-0.112627241	-1.143773961	-0.343824517	0.216235289	-0.758136008
0.628171949	0.272384894	0.195363108	-0.794970891	0.571095686	1.143773961	0.923055543	-0.579132162	-0.112627241	-0.09208509	-0.923055543	0.307908216	-0.402250065	0.286550499	0.539308633	-0.078412413	0.678771572	0.579132162	-0.500322766	-0.336607179	0.336607179	-0.628171949
1.021399468	2.345104662	1.021399468	0.902393588	1.422465003	1.902810954	2.998020796	-0.209267873	-1.092857156	-0.216235289	1.545263217	1.726602201	-0.394875486	0.446977502	1.117953259	1.697120332	0.380190046	2.249880663	-0.678771572	2.468001988	1.33442315	1.523165155
-0.933535639	-0.343824517	0.098927729	-1.946202375	0.064754379	-0.365586148	-0.078412413	-0.678771572	-0.237202109	2.249880663	0.670220259	0.45451733	1.790524917	0.174575701	0.713488578	0.862182757	-1.184000049	-0.83291742	0.35105981	2.045954276	-0.944119285	-1.226239142
-0.358313528	0.417065588	-0.153863466	0.030656506	0.394875486	0.74010031	2.345104662	-2.104600628	-1.993601218	0.628171949	0.531447525	1.044626445	-0.387522319	-0.571095686	1.568142731	-0.244213829	-0.417065588	1.523165155	-0.653262666	0.842592259	1.240815502	0.202310601
-1.056453949	-0.023842473	-0.037471962	1.197842699	-0.394875486	-0.579132162	-0.446977502	-1.170380633	0.286550499	-0.722302208	0.064754379	-1.156974916	0.882109877	-0.085246759	-0.862182757	-0.74010031	0.394875486	0.244213829	-0.279460686	0.35105981	-0.776421761	-1.368372038
-1.790524917	-0.923055543	-1.422465003	-1.032943298	-1.862731867	-1.669043821	-0.358313528	-2.468001988	-0.91267586	-0.713488578	-2.171527717	-1.403975696	-0.380190046	-1.790524917	0.758136008	-1.902810954	-1.226239142	-1.33442315	-1.130769373	0.037471962	1.184000049	-0.965610478
-0.965610478	0.230202032	-0.112627241	-0.044289159	-0.085246759	-0.462083086	-0.794970891	-0.603470624	1.117953259	-0.704730028	-0.595318735	1.642224543	-0.372878156	0.322224522	-0.944119285	1.591873889	-0.83291742	-1.044626445	0.023842473	-0.329407333	1.48107362	-0.078412413
-0.785662535	-1.642224543	0.539308633	-0.105775004	-1.501786817	-0.696025208	-0.91267586	-1.368372038	0.882109877	-0.329407333	-1.385954264	-0.085246759	-0.365586148	-0.462083086	-0.842592259	-1.130769373	0.531447525	-1.48107362	0.195363108	0.358313528	0.722302208	-0.661717677
0.45451733	0.923055543	-1.301946185	-0.555132042	0.563095926	-0.713488578	1.33442315	-0.587206217	-1.156974916	0.547203211	0.603470624	-0.595318735	-0.358313528	-0.160759774	0.508057465	-1.009990169	-0.105775004	0.112627241	-0.508057465	-0.322224522	0.965610478	0.085246759
0.944119285	0.064754379	-1.523165155	0.064754379	1.197842699	0.085246759	1.993601218	0.628171949	0.279460686	-0.380190046	0.804348643	-0.424507616	-0.35105981	-0.387522319	0.842592259	-0.83291742	-0.508057465	0.531447525	0.587206217	1.591873889	-1.184000049	-1.080563549
0.477294855	-0.098927729	0.272384894	-0.358313528	0.823319923	0.126347925	0.794970891	-0.409646587	2.171527717	-0.696025208	1.318010897	0.555132042	1.902810954	0.636490883	-0.579132162	-0.286550499	0.987557182	-0.902393588	-1.117953259	1.156974916	-0.343824517	1.403975696
-0.216235289	0.358313528	1.669043821	-0.057930049	0.628171949	2.998020796	0.91267586	1.143773961	0.417065588	0.954809756	-0.539308633	1.669043821	0.944119285	1.790524917	-1.33442315	-0.09208509	0.017029548	1.591873889	-0.251237576	-0.315058297	0.424507616	-1.441453795
1.642224543	1.080563549	-0.365586148	-0.188425032	1.790524917	1.422465003	0.722302208	0.251237576	1.270787244	0.307908216	-0.126347925	1.080563549	-0.343824517	-0.078412413	1.197842699	0.767246816	0.687372812	0.010217413	0.237202109	1.032943298	0.636490883	0.776421761
-0.469675385	-1.616536998	0.477294855	1.092857156	1.726602201	-0.394875486	-0.492617885	0.085246759	1.368372038	0.923055543	-0.409646587	1.403975696	-0.336607179	-0.43197323	0.037471962	0.322224522	1.301946185	-0.181496015	0.167663737	-0.307908216	-0.140092436	0.133217035
-0.181496015	0.51582268	0.813797671	-0.003405752	0.372878156	0.484942137	-0.670220259	-0.462083086	1.385954264	0.722302208	0.380190046	1.226239142	0.987557182	2.249880663	-0.010217413	0.722302208	0.776421761	1.48107362	-0.057930049	0.7490877	-0.439462999	0.044289159
-0.017029548	-0.051108415	0.823319923	0.477294855	-0.223213218	-0.023842473	-0.380190046	-0.722302208	0.45451733	0.216235289	-0.713488578	0.862182757	0.933535639	1.403975696	-0.160759774	0.209267873	-0.358313528	-1.068431117	1.501786817	1.825439172	0.469675385	0.51582268
-0.731172307	-1.211918765	0.7490877	-1.301946185	-0.892205847	-0.030656506	-1.351202935	-0.767246816	-0.119484771	1.460977052	1.044626445	0.258273739	-0.329407333	0.508057465	0.45451733	-1.460977052	0.862182757	-1.021399468	1.301946185	-0.300773842	0.358313528	1.056453949
-2.468001988	-0.484942137	0.037471962	-0.43197323	-1.211918765	-0.539308633	-0.687372812	-1.669043821	0.181496015	0.160759774	-1.184000049	-1.009990169	-0.322224522	1.697120332	-0.661717677	-0.071581727	-1.105318189	-0.852346618	-0.216235289	-0.293654744	-0.785662535	-0.010217413
0.105775004	0.998710851	-0.223213218	-0.017029548	-0.484942137	0.244213829	-0.003405752	-0.372878156	0.678771572	0.579132162	-0.181496015	-0.758136008	0.160759774	0.531447525	-0.209267873	1.523165155	-0.862182757	0.064754379	-1.105318189	0.417065588	-0.372878156	-0.071581727
-0.071581727	-0.307908216	0.500322766	0.272384894	-0.105775004	-0.794970891	-0.713488578	-0.188425032	0.216235289	-0.112627241	1.757666049	-0.017029548	0.064754379	-0.862182757	0.579132162	-1.270787244	-0.244213829	-0.892205847	0.531447525	-0.286550499	0.286550499	1.669043821
1.351202935	-1.021399468	-0.611662814	0.83291742	-0.244213829	0.300773842	-0.167663737	-0.998710851	0.09208509	-0.687372812	-1.170380633	-0.439462999	-0.315058297	-2.645701413	0.731172307	0.595318735	-0.051108415	-0.555132042	0.126347925	-0.279460686	0.91267586	0.484942137
-1.946202375	-1.591873889	-2.171527717	0.300773842	-2.045954276	-2.468001988	-0.611662814	-1.902810954	0.112627241	-0.678771572	-0.258273739	1.441453795	-0.307908216	-0.244213829	-0.954809756	-0.446977502	-1.211918765	-0.704730028	-0.731172307	-0.272384894	1.642224543	-0.823319923
0.017029548	1.591873889	0.402250065	-1.197842699	1.301946185	0.409646587	-0.484942137	-0.223213218	-0.160759774	-0.670220259	0.372878156	1.862731867	-0.300773842	1.044626445	-1.270787244	1.184000049	0.195363108	1.825439172	0.223213218	1.545263217	-0.823319923	0.45451733
0.153863466	0.078412413	-0.987557182	-0.902393588	1.117953259	-0.09208509	1.009990169	-0.687372812	-0.987557182	-0.661717677	0.329407333	0.469675385	-0.293654744	1.669043821	1.460977052	-0.823319923	0.085246759	0.998710851	0.140092436	-0.265322712	0.439462999	0.272384894
-0.030656506	-1.568142731	0.45451733	-0.862182757	-0.74010031	-0.619896262	0.167663737	-0.010217413	0.174575701	-0.653262666	1.184000049	-1.351202935	0.112627241	-2.045954276	-0.358313528	-1.862731867	1.270787244	0.286550499	-1.092857156	-0.258273739	-0.804348643	-1.068431117
-1.642224543	-0.202310601	0.722302208	-0.508057465	-0.531447525	-0.43197323	-1.825439172	-1.117953259	0.484942137	0.387522319	-1.545263217	0.91267586	-0.286550499	-0.174575701	-1.286210621	0.293654744	-0.394875486	-0.74010031	0.037471962	-0.251237576	2.468001988	-0.09208509
0.09208509	-1.545263217	0.611662814	-0.336607179	-0.842592259	-0.976525035	-0.998710851	-1.211918765	-0.140092436	1.351202935	-2.104600628	-0.133217035	-0.279460686	0.329407333	-0.051108415	-1.385954264	-0.09208509	-1.240815502	-0.09208509	-0.244213829	1.056453949	-1.545263217
-0.265322712	-0.794970891	-1.211918765	-1.545263217	-1.642224543	-0.628171949	-1.422465003	-2.345104662	-2.045954276	0.174575701	-1.946202375	-0.842592259	0.409646587	-0.595318735	-1.790524917	-1.143773961	-1.130769373	-1.862731867	-0.579132162	-0.237202109	2.249880663	-1.642224543
-0.872103029	-1.105318189	0.085246759	-0.872103029	-0.661717677	0.057930049	-2.045954276	-1.092857156	1.825439172	-0.6448541	-1.240815502	0.051108415	-0.272384894	0.209267873	-2.045954276	0.872103029	1.48107362	0.329407333	0.146974467	-0.230202032	0.776421761	-0.813797671
0.619896262	0.500322766	1.403975696	-0.477294855	0.852346618	2.249880663	-0.174575701	0.387522319	1.056453949	-0.258273739	-1.523165155	0.670220259	0.195363108	1.616536998	0.188425032	0.852346618	0.872103029	0.380190046	0.279460686	0.722302208	1.270787244	0.813797671
-0.987557182	0.670220259	-0.998710851	-1.385954264	-1.591873889	-0.216235289	-2.468001988	-1.48107362	-0.023842473	-0.636490883	0.409646587	-0.462083086	-0.265322712	-0.539308633	-0.731172307	-0.998710851	-1.197842699	0.661717677	-1.080563549	0.965610478	-0.181496015	-0.417065588
1.211918765	-1.523165155	-2.998020796	-0.146974467	-2.468001988	-2.998020796	-1.757666049	-1.862731867	-1.616536998	0.286550499	0.813797671	-0.813797671	-0.258273739	-2.249880663	0.358313528	-1.825439172	-1.044626445	-2.998020796	-0.307908216	-0.223213218	0.140092436	1.044626445
0.160759774	1.403975696	0.023842473	-0.492617885	-0.785662535	0.587206217	-0.105775004	0.372878156	1.021399468	1.270787244	1.197842699	0.842592259	0.872103029	-0.823319923	-0.794970891	2.104600628	1.669043821	1.946202375	0.230202032	0.469675385	-0.678771572	-0.611662814
0.687372812	0.387522319	0.216235289	0.965610478	1.33442315	0.336607179	-0.862182757	0.09208509	1.211918765	-0.628171949	-0.105775004	1.501786817	-0.251237576	-0.687372812	1.697120332	2.468001988	1.757666049	0.731172307	-0.064754379	0.279460686	1.211918765	1.318010897
0.237202109	-1.501786817	0.167663737	-0.174575701	-0.603470624	-1.403975696	-0.852346618	-1.568142731	0.687372812	2.045954276	0.7490877	-0.852346618	-0.244213829	-0.030656506	1.270787244	-0.160759774	-2.249880663	-0.051108415	-1.068431117	-0.216235289	0.713488578	-0.842592259
-0.477294855	-0.462083086	0.555132042	0.279460686	1.669043821	1.545263217	0.244213829	0.83291742	2.249880663	0.531447525	-0.636490883	0.477294855	1.441453795	2.045954276	-0.372878156	0.882109877	0.286550499	1.156974916	-0.804348643	0.126347925	-1.156974916	0.030656506
-1.422465003	-0.358313528	-0.078412413	1.523165155	0.286550499	0.064754379	-0.731172307	-0.216235289	-1.170380633	-0.619896262	0.112627241	-0.731172307	0.051108415	-1.117953259	-1.523165155	-0.105775004	-0.923055543	-1.616536998	-0.628171949	1.117953259	-0.446977502	-0.064754379
0.272384894	0.09208509	-1.009990169	0.687372812	0.126347925	0.923055543	2.249880663	-1.946202375	-1.130769373	0.704730028	-0.286550499	0.140092436	0.595318735	-0.933535639	2.045954276	0.484942137	-0.523619123	0.91267586	-0.823319923	0.531447525	-0.003405752	0.365586148
-1.130769373	-1.170380633	-0.531447525	0.563095926	0.555132042	-0.571095686	-0.160759774	-0.286550499	0.794970891	0.619896262	-0.153863466	-1.568142731	-0.237202109	-1.523165155	0.424507616	-1.757666049	0.251237576	-1.286210621	0.057930049	-0.209267873	-0.358313528	0.286550499
-1.032943298	-0.09208509	1.757666049	1.441453795	0.085246759	1.523165155	-0.402250065	-0.83291742	-2.645701413	-0.611662814	-1.092857156	0.462083086	0.767246816	0.469675385	0.51582268	-0.469675385	0.579132162	-0.670220259	0.813797671	-0.202310601	1.726602201	0.539308633
-0.767246816	-1.48107362	-0.713488578	-0.892205847	-0.258273739	-1.156974916	-1.270787244	-0.417065588	-0.424507616	0.539308633	-0.523619123	0.776421761	0.105775004	-1.757666049	-0.387522319	-1.226239142	-0.307908216	1.197842699	-0.611662814	0.251237576	1.255660378	0.003405752
1.117953259	2.249880663	-0.023842473	0.336607179	-0.064754379	1.080563549	1.156974916	-0.071581727	-0.462083086	-0.603470624	-0.064754379	0.300773842	1.368372038	1.385954264	0.174575701	-0.098927729	-0.704730028	-0.336607179	0.078412413	-0.195363108	-0.387522319	0.7490877
0.098927729	0.071581727	0.126347925	0.636490883	1.143773961	-0.469675385	-0.976525035	-0.293654744	0.661717677	-0.010217413	-0.776421761	0.188425032	-0.230202032	0.424507616	0.998710851	0.105775004	2.104600628	1.368372038	-0.722302208	0.329407333	1.862731867	-0.181496015
-0.365586148	-1.460977052	-0.126347925	-0.987557182	-1.902810954	-0.923055543	-1.021399468	-1.726602201	0.017029548	-0.595318735	-0.7490877	1.170380633	-0.223213218	0.153863466	1.240815502	-0.611662814	-0.078412413	0.251237576	-0.523619123	-0.188425032	1.032943298	0.195363108
-0.813797671	-0.044289159	1.056453949	0.085246759	0.402250065	-0.209267873	0.417065588	-0.446977502	0.603470624	1.056453949	0.237202109	-0.230202032	0.731172307	1.523165155	-0.563095926	0.35105981	-0.216235289	-0.492617885	-1.044626445	1.862731867	-0.813797671	-1.286210621
-1.009990169	-1.422465003	-0.704730028	-0.244213829	1.902810954	-0.653262666	-1.092857156	-0.492617885	2.345104662	0.417065588	-0.209267873	0.044289159	-0.195363108	0.387522319	-0.402250065	-0.343824517	2.645701413	-0.933535639	-0.758136008	0.237202109	0.563095926	1.226239142
1.068431117	0.167663737	-1.068431117	-0.329407333	-0.037471962	-0.057930049	1.080563549	0.417065588	-0.965610478	-0.146974467	-0.862182757	-2.345104662	0.661717677	-0.722302208	0.722302208	-0.731172307	-1.301946185	-0.531447525	-1.021399468	-0.167663737	1.545263217	2.104600628
0.704730028	0.010217413	0.571095686	1.255660378	0.696025208	1.068431117	-1.523165155	-0.539308633	0.713488578	0.823319923	-0.794970891	0.603470624	-0.188425032	-0.293654744	0.794970891	0.258273739	0.387522319	-0.424507616	-1.009990169	-0.160759774	0.804348643	1.021399468
-0.244213829	-0.216235289	1.902810954	0.74010031	0.508057465	0.446977502	1.862731867	0.409646587	0.223213218	0.279460686	0.51582268	-1.255660378	1.143773961	-1.403975696	0.044289159	0.098927729	-0.813797671	0.336607179	-0.402250065	-0.153863466	-0.329407333	0.976525035
0.279460686	-0.776421761	-0.933535639	-2.998020796	-0.7490877	-1.117953259	-0.776421761	-1.184000049	-1.197842699	0.181496015	0.051108415	-0.678771572	0.954809756	-0.286550499	-0.976525035	-0.402250065	-1.385954264	-1.318010897	-0.998710851	0.112627241	-0.51582268	-1.726602201
-0.223213218	0.098927729	0.965610478	0.010217413	-2.171527717	-0.933535639	0.976525035	-1.385954264	-1.056453949	0.336607179	-0.35105981	-1.946202375	1.255660378	-0.300773842	-0.09208509	-0.140092436	-0.315058297	0.126347925	-0.987557182	-0.146974467	-0.43197323	1.301946185
-0.595318735	-0.251237576	0.933535639	-0.767246816	-1.993601218	-1.385954264	0.823319923	-2.171527717	-1.143773961	0.696025208	-0.023842473	-1.318010897	1.211918765	-2.468001988	-0.74010031	-1.591873889	-2.345104662	0.469675385	-0.098927729	-0.140092436	-0.300773842	0.722302208
1.255660378	0.439462999	-0.251237576	-1.270787244	0.704730028	0.402250065	0.636490883	-0.965610478	-0.078412413	0.394875486	1.33442315	-0.43197323	1.591873889	0.842592259	-1.240815502	0.380190046	-0.293654744	1.33442315	-0.188425032	-0.133217035	-0.146974467	1.33442315
1.226239142	-0.153863466	0.017029548	-2.345104662	1.021399468	1.197842699	-0.202310601	-0.237202109	-0.484942137	1.211918765	1.255660378	0.365586148	-0.181496015	-0.776421761	0.523619123	1.642224543	-1.117953259	0.133217035	-0.976525035	2.249880663	-1.117953259	-1.616536998
0.531447525	-1.009990169	-0.394875486	-2.645701413	-0.387522319	-0.74010031	0.146974467	-1.197842699	-0.722302208	1.422465003	0.085246759	-1.368372038	0.892205847	-0.713488578	-1.545263217	-1.068431117	-1.591873889	-0.563095926	0.380190046	-0.126347925	-1.105318189	-0.167663737
-0.794970891	-0.587206217	0.74010031	-0.195363108	0.272384894	-0.195363108	-0.417065588	-0.181496015	0.813797671	1.591873889	-1.757666049	0.547203211	-0.174575701	-0.251237576	-1.825439172	0.547203211	0.852346618	-0.119484771	-0.160759774	-0.119484771	0.998710851	0.653262666
0.424507616	-1.240815502	0.704730028	-0.998710851	-0.902393588	0.500322766	-0.579132162	-1.021399468	1.642224543	-0.571095686	-1.902810954	0.358313528	-0.167663737	0.51582268	-1.368372038	0.713488578	1.032943298	-0.140092436	0.439462999	-0.112627241	0.933535639	-0.555132042
1.523165155	0.611662814	-1.568142731	-1.403975696	0.862182757	-0.998710851	0.998710851	-0.852346618	-1.044626445	-0.563095926	-0.83291742	-0.057930049	-0.160759774	-0.307908216	1.403975696	-0.696025208	-1.156974916	0.322224522	-0.555132042	-0.105775004	0.923055543	-0.933535639
0.244213829	0.83291742	-0.628171949	-0.085246759	-0.547203211	0.603470624	-0.244213829	-0.343824517	-0.892205847	0.365586148	-1.105318189	-1.862731867	-0.153863466	1.825439172	-0.43197323	0.842592259	-0.579132162	0.872103029	-0.202310601	-0.098927729	2.171527717	-1.021399468
0.776421761	1.009990169	0.003405752	-1.226239142	-0.852346618	0.758136008	0.51582268	-0.704730028	-0.181496015	-0.555132042	0.223213218	0.216235289	-0.146974467	0.595318735	-0.223213218	-0.380190046	0.336607179	-0.51582268	-0.965610478	-0.09208509	0.51582268	-1.211918765
-0.43197323	-0.976525035	-0.477294855	0.140092436	-1.33442315	-1.184000049	-0.251237576	-0.322224522	-0.653262666	-0.387522319	-1.368372038	0.892205847	0.336607179	-1.48107362	-0.670220259	-1.501786817	-0.944119285	-0.307908216	-0.944119285	0.954809756	-0.365586148	-0.424507616
0.731172307	0.43197323	1.368372038	1.501786817	1.460977052	1.591873889	0.469675385	0.704730028	1.403975696	1.946202375	-0.531447525	2.249880663	0.74010031	0.603470624	-0.6448541	1.441453795	1.501786817	1.545263217	-0.7490877	0.6448541	1.501786817	1.105318189
0.307908216	-0.315058297	-1.351202935	-1.211918765	-1.080563549	-0.731172307	-1.068431117	0.133217035	-0.758136008	-0.209267873	0.563095926	-0.160759774	-0.133217035	-0.91267586	0.687372812	-0.661717677	0.307908216	-1.825439172	1.568142731	0.785662535	-1.092857156	-0.315058297
0.057930049	0.153863466	2.171527717	-0.687372812	-0.126347925	0.372878156	-0.523619123	-0.09208509	0.195363108	0.713488578	0.462083086	0.329407333	-0.126347925	1.568142731	0.126347925	0.555132042	-0.722302208	0.83291742	0.462083086	1.568142731	-0.987557182	0.230202032
-1.184000049	-1.385954264	-0.146974467	-1.056453949	0.547203211	-1.591873889	-1.056453949	-0.933535639	0.571095686	0.7490877	-1.056453949	0.653262666	-0.119484771	0.251237576	-0.258273739	-0.653262666	-0.785662535	0.140092436	-0.933535639	0.500322766	0.603470624	0.469675385
0.358313528	1.501786817	0.119484771	-1.422465003	0.017029548	0.852346618	0.329407333	0.279460686	-0.579132162	0.794970891	-0.071581727	-0.064754379	1.726602201	0.923055543	-0.51582268	1.545263217	1.130769373	1.726602201	-0.45451733	0.944119285	-0.230202032	-0.872103029
-0.531447525	-0.45451733	-0.492617885	-0.571095686	-1.385954264	-1.441453795	-0.462083086	-2.645701413	0.74010031	-0.547203211	-2.645701413	0.030656506	-0.112627241	-0.670220259	-1.184000049	0.329407333	-1.080563549	-0.842592259	0.402250065	-0.078412413	1.568142731	-0.74010031
0.661717677	-0.653262666	0.244213829	-0.315058297	0.146974467	1.021399468	-0.804348643	-0.358313528	1.757666049	-0.539308633	0.365586148	-0.523619123	-0.105775004	2.645701413	0.678771572	-0.794970891	-0.758136008	-0.619896262	1.591873889	2.645701413	0.587206217	-0.394875486
1.460977052	0.380190046	1.130769373	1.240815502	0.446977502	0.653262666	0.713488578	0.336607179	0.923055543	2.998020796	0.153863466	0.293654744	-0.098927729	0.030656506	-1.403975696	1.117953259	1.862731867	2.045954276	-0.619896262	-0.071581727	2.345104662	0.74010031
0.380190046	-0.446977502	-1.669043821	-0.776421761	-0.469675385	-1.056453949	-0.872103029	0.286550499	-0.394875486	-0.365586148	1.946202375	-0.619896262	-0.09208509	-0.209267873	0.813797671	-1.211918765	0.078412413	-2.045954276	1.351202935	-0.064754379	0.051108415	1.092857156
0.758136008	0.237202109	0.842592259	1.385954264	0.315058297	0.579132162	0.523619123	0.555132042	0.892205847	1.032943298	-1.301946185	0.35105981	-0.085246759	0.098927729	0.987557182	0.563095926	1.092857156	0.037471962	-0.531447525	0.823319923	1.156974916	1.156974916
-0.35105981	0.446977502	-0.74010031	1.286210621	-1.143773961	-1.009990169	-0.424507616	-1.056453949	-1.422465003	-0.064754379	1.080563549	-0.555132042	-0.078412413	-1.143773961	0.237202109	-0.492617885	-0.852346618	-1.092857156	-0.237202109	-0.057930049	1.068431117	0.571095686
-2.645701413	0.902393588	-0.51582268	-0.09208509	-0.976525035	-1.286210621	-1.862731867	-1.270787244	0.140092436	1.441453795	-1.862731867	-0.071581727	-0.071581727	-0.336607179	-0.923055543	-0.188425032	0.628171949	-0.7490877	-0.91267586	-0.051108415	1.669043821	-0.126347925
0.003405752	-1.368372038	-1.441453795	-1.092857156	-1.669043821	-0.595318735	-0.619896262	-1.301946185	1.48107362	2.345104662	-0.704730028	-0.188425032	-0.064754379	0.45451733	-1.170380633	0.216235289	0.402250065	0.272384894	-0.595318735	1.009990169	1.368372038	-0.343824517
-0.547203211	1.021399468	1.318010897	-1.255660378	0.35105981	1.697120332	0.43197323	1.197842699	-0.071581727	1.385954264	-0.758136008	1.591873889	-0.057930049	0.862182757	-1.068431117	-0.315058297	0.43197323	1.117953259	-0.696025208	-0.044289159	0.181496015	-1.862731867
-0.902393588	1.441453795	-2.645701413	-0.954809756	1.255660378	-0.017029548	1.255660378	0.500322766	0.315058297	0.785662535	0.704730028	-1.056453949	-0.051108415	-0.51582268	0.653262666	0.469675385	1.351202935	0.181496015	0.160759774	-0.037471962	0.35105981	-0.329407333
-0.587206217	0.286550499	1.270787244	1.757666049	0.500322766	0.628171949	0.776421761	0.492617885	1.240815502	-0.531447525	-0.661717677	0.579132162	0.078412413	-0.272384894	-1.351202935	0.508057465	1.197842699	0.500322766	-0.358313528	-0.030656506	0.704730028	0.678771572
-0.7490877	1.197842699	-1.946202375	0.555132042	-1.946202375	0.044289159	-1.726602201	-0.696025208	-1.009990169	-0.523619123	-1.211918765	0.237202109	-0.044289159	0.265322712	2.104600628	-0.862182757	-0.531447525	-0.804348643	0.010217413	0.209267873	1.226239142	0.43197323
-1.143773961	-1.255660378	1.48107362	-0.500322766	-0.83291742	-0.661717677	0.83291742	-1.523165155	-0.696025208	-0.51582268	0.661717677	0.174575701	-0.037471962	-0.603470624	0.078412413	-1.790524917	-0.587206217	0.230202032	-0.244213829	0.265322712	-1.080563549	-1.422465003
0.365586148	-1.351202935	1.226239142	0.402250065	-1.255660378	-1.697120332	0.987557182	-0.713488578	-1.286210621	-0.508057465	0.776421761	-0.286550499	-0.030656506	0.587206217	-0.852346618	-1.422465003	-2.645701413	-1.422465003	-0.902393588	-0.023842473	0.523619123	1.568142731
