GRMZM2G132577	GRMZM2G700683	GRMZM2G106479	GRMZM2G136765	GRMZM2G409343	GRMZM5G852338	GRMZM2G170628	GRMZM2G170632	GRMZM2G116083	GRMZM2G013448	GRMZM5G851965	GRMZM2G012966	GRMZM2G165428	AC196426.3_FG007	GRMZM2G096655	GRMZM2G395771	GRMZM2G096764	GRMZM2G050553	GRMZM2G027333
-0.286550499	1.48107362	1.021399468	-0.704730028	0.852346618	0.365586148	0.010217413	0.380190046	-2.171527717	-1.946202375	1.441453795	0.51582268	1.591873889	0.307908216	0.462083086	1.616536998	-0.160759774	-0.563095926	-0.265322712
0.603470624	-0.696025208	1.403975696	0.424507616	0.265322712	1.790524917	-0.6448541	-0.140092436	0.531447525	1.616536998	1.318010897	0.842592259	-0.687372812	0.462083086	0.258273739	-0.202310601	-0.133217035	-1.117953259	1.403975696
-0.071581727	0.587206217	0.862182757	0.83291742	1.021399468	1.545263217	-0.687372812	-0.230202032	0.687372812	0.636490883	1.240815502	1.270787244	0.595318735	0.35105981	0.160759774	0.767246816	0.09208509	-0.531447525	1.286210621
0.251237576	0.670220259	0.365586148	0.603470624	0.6448541	0.322224522	-0.45451733	-0.43197323	-1.825439172	0.023842473	1.385954264	0.030656506	-0.45451733	0.300773842	0.628171949	1.591873889	0.126347925	0.078412413	-0.237202109
1.318010897	0.531447525	0.813797671	0.030656506	0.098927729	0.315058297	0.696025208	-0.181496015	-2.249880663	-0.51582268	1.044626445	0.987557182	0.343824517	-0.064754379	-0.872103029	-2.998020796	0.010217413	-0.409646587	0.230202032
-0.237202109	0.872103029	0.531447525	-0.126347925	0.661717677	0.976525035	-0.595318735	0.603470624	-0.704730028	-0.944119285	1.270787244	0.678771572	0.678771572	0.813797671	-0.7490877	-2.645701413	0.882109877	-0.023842473	0.852346618
0.446977502	-0.687372812	1.009990169	0.687372812	-0.508057465	-0.105775004	0.91267586	0.160759774	0.965610478	1.068431117	0.174575701	0.300773842	-0.547203211	0.776421761	1.105318189	-0.446977502	-0.003405752	-0.336607179	-0.380190046
-0.661717677	0.619896262	-0.696025208	-1.170380633	0.767246816	0.83291742	-1.351202935	0.153863466	0.293654744	-2.045954276	-0.237202109	-1.197842699	-0.722302208	-0.446977502	-1.441453795	0.258273739	-0.619896262	-1.211918765	-0.146974467
0.923055543	-1.993601218	-2.249880663	-2.998020796	-0.365586148	-2.045954276	0.776421761	-2.345104662	-0.628171949	0.91267586	-2.998020796	2.998020796	2.998020796	-2.998020796	2.998020796	-0.500322766	-2.645701413	-2.045954276	0.477294855
1.591873889	1.130769373	0.923055543	0.862182757	0.678771572	0.085246759	0.160759774	-0.329407333	-1.368372038	-0.484942137	-0.098927729	-1.422465003	-0.230202032	0.202310601	0.078412413	2.045954276	0.842592259	0.6448541	-0.6448541
-0.446977502	-0.933535639	0.661717677	-1.616536998	0.696025208	0.758136008	-0.307908216	0.064754379	0.713488578	-1.697120332	0.595318735	-0.579132162	0.251237576	-0.713488578	-0.484942137	-2.249880663	-0.653262666	-1.226239142	-1.403975696
2.104600628	0.181496015	1.669043821	2.998020796	2.468001988	0.842592259	-0.064754379	-0.272384894	-0.892205847	0.237202109	0.293654744	1.441453795	-0.202310601	-0.439462999	-0.43197323	-0.758136008	0.998710851	1.669043821	1.368372038
2.998020796	0.776421761	0.678771572	1.255660378	0.944119285	0.852346618	1.226239142	-1.009990169	-0.731172307	2.045954276	0.785662535	0.322224522	-0.767246816	-0.380190046	1.156974916	-0.293654744	0.329407333	0.140092436	1.441453795
-0.508057465	-0.731172307	0.343824517	-0.611662814	-0.882109877	-1.642224543	-0.670220259	-1.092857156	-0.307908216	-1.105318189	-0.230202032	-0.944119285	0.74010031	-0.813797671	-0.722302208	1.790524917	-0.998710851	-1.270787244	-1.48107362
0.146974467	0.272384894	1.642224543	0.852346618	-0.547203211	-0.636490883	-1.211918765	-0.174575701	-0.030656506	-0.044289159	1.422465003	0.547203211	-0.223213218	-0.555132042	-0.300773842	0.462083086	-0.500322766	-1.726602201	-1.080563549
-0.209267873	0.230202032	0.794970891	-0.286550499	1.032943298	0.424507616	-0.469675385	-0.146974467	-0.91267586	-2.468001988	0.258273739	-1.130769373	-0.023842473	-1.240815502	1.351202935	-2.104600628	-1.946202375	-2.645701413	-0.611662814
0.579132162	0.140092436	-0.153863466	0.462083086	0.251237576	-0.547203211	0.380190046	0.424507616	-1.946202375	-0.446977502	0.462083086	-0.484942137	0.43197323	0.329407333	0.987557182	0.017029548	-0.539308633	-1.422465003	0.181496015
0.160759774	1.501786817	0.358313528	-1.184000049	0.195363108	-0.394875486	-1.33442315	0.446977502	-0.146974467	0.098927729	1.790524917	-0.358313528	0.181496015	0.195363108	-0.35105981	-2.045954276	0.085246759	-0.417065588	1.170380633
1.056453949	0.417065588	0.078412413	-0.119484771	0.244213829	-0.563095926	-0.188425032	1.422465003	-1.170380633	1.403975696	0.823319923	1.286210621	-0.078412413	1.143773961	-0.713488578	-0.071581727	0.722302208	0.394875486	1.044626445
-0.223213218	-0.603470624	1.862731867	1.757666049	0.842592259	2.645701413	-2.998020796	-0.713488578	0.722302208	0.279460686	-2.468001988	0.279460686	0.223213218	0.098927729	-0.91267586	-1.993601218	-0.329407333	-0.439462999	1.385954264
-1.021399468	0.037471962	0.696025208	0.731172307	0.7490877	-0.417065588	-2.645701413	0.731172307	-1.385954264	0.539308633	1.092857156	1.825439172	-0.35105981	1.545263217	-0.251237576	0.424507616	0.209267873	0.555132042	-0.044289159
-0.555132042	-0.044289159	0.892205847	0.202310601	0.230202032	1.523165155	-0.523619123	-0.336607179	0.329407333	1.105318189	0.804348643	0.595318735	0.272384894	0.078412413	-0.636490883	-1.946202375	-0.167663737	-1.156974916	-0.500322766
0.293654744	-0.322224522	1.568142731	1.422465003	-1.240815502	-0.336607179	1.757666049	-1.48107362	0.146974467	-1.080563549	0.678771572	0.105775004	-0.195363108	0.293654744	-0.813797671	0.954809756	1.255660378	-1.170380633	0.611662814
-0.91267586	0.944119285	-0.43197323	0.965610478	0.409646587	0.140092436	-1.286210621	0.322224522	-0.661717677	-0.987557182	0.722302208	0.852346618	-0.085246759	0.343824517	-0.892205847	-1.902810954	1.403975696	-0.872103029	-1.33442315
-0.882109877	-1.368372038	-0.492617885	-1.862731867	0.322224522	0.244213829	0.661717677	-1.270787244	2.045954276	0.300773842	-0.424507616	-0.587206217	-0.237202109	-1.946202375	-0.098927729	-1.862731867	-1.790524917	-0.758136008	-0.181496015
0.595318735	0.687372812	0.976525035	-0.571095686	1.403975696	0.603470624	0.085246759	-0.785662535	-2.104600628	-1.130769373	-0.402250065	0.43197323	1.170380633	0.209267873	0.126347925	1.368372038	-0.017029548	-0.146974467	-0.563095926
-0.293654744	0.105775004	-1.255660378	1.240815502	-0.74010031	-1.143773961	1.056453949	-0.477294855	0.976525035	0.83291742	-2.345104662	-0.265322712	0.105775004	0.571095686	1.403975696	1.092857156	-1.184000049	-0.500322766	0.862182757
-0.146974467	0.119484771	0.704730028	-1.156974916	0.954809756	1.130769373	-0.477294855	0.394875486	-0.078412413	0.044289159	1.009990169	0.477294855	0.010217413	-0.687372812	-1.032943298	-1.825439172	-0.322224522	-0.74010031	0.293654744
0.872103029	-2.249880663	-1.368372038	-2.249880663	-2.171527717	-2.104600628	0.492617885	-1.318010897	1.184000049	0.394875486	0.010217413	1.501786817	0.696025208	-1.757666049	1.255660378	-0.372878156	-0.731172307	0.293654744	-0.230202032
-0.010217413	-0.078412413	0.030656506	-1.286210621	0.51582268	-0.372878156	-0.492617885	0.6448541	-0.933535639	0.7490877	-0.315058297	0.696025208	0.126347925	0.322224522	-0.794970891	-1.790524917	-0.188425032	-0.202310601	-0.687372812
0.571095686	-1.226239142	-1.092857156	0.230202032	-0.653262666	-0.51582268	-0.153863466	-1.068431117	-0.823319923	2.468001988	0.365586148	0.653262666	-0.477294855	-1.117953259	1.669043821	0.244213829	-0.902393588	-1.33442315	-0.704730028
-1.523165155	0.307908216	-1.726602201	-0.307908216	-0.064754379	-0.722302208	-1.044626445	-0.223213218	-0.223213218	0.785662535	1.080563549	0.258273739	2.104600628	-0.902393588	-0.758136008	1.301946185	-0.424507616	0.882109877	-0.785662535
1.403975696	-0.057930049	-0.587206217	1.385954264	-0.209267873	-0.902393588	-0.83291742	0.83291742	-0.160759774	0.902393588	0.223213218	-0.35105981	-1.545263217	-0.336607179	0.653262666	1.825439172	0.023842473	1.385954264	-0.133217035
0.636490883	0.661717677	-1.697120332	0.823319923	-0.160759774	-1.032943298	-0.167663737	1.021399468	-1.130769373	1.211918765	0.188425032	-0.307908216	-0.343824517	2.045954276	-1.301946185	1.669043821	1.697120332	1.825439172	-1.591873889
1.156974916	-0.51582268	-1.143773961	0.286550499	-0.336607179	-0.508057465	-0.286550499	1.946202375	-0.336607179	2.998020796	0.358313528	0.731172307	-0.670220259	2.104600628	0.365586148	0.823319923	0.74010031	-0.51582268	0.09208509
-0.462083086	1.568142731	0.954809756	-0.696025208	-0.010217413	0.500322766	0.105775004	1.197842699	-0.230202032	-0.804348643	-0.051108415	-0.010217413	0.322224522	0.484942137	-0.307908216	1.422465003	0.767246816	-0.571095686	-0.315058297
1.33442315	0.265322712	-0.098927729	0.628171949	-1.568142731	-0.6448541	0.687372812	1.170380633	0.279460686	1.143773961	-0.209267873	0.216235289	-0.119484771	-0.804348643	0.547203211	-0.45451733	1.184000049	-0.237202109	0.030656506
-0.842592259	-1.211918765	1.545263217	0.469675385	-1.825439172	-1.902810954	-2.468001988	0.523619123	1.422465003	-1.403975696	-0.140092436	-1.726602201	-0.484942137	-0.976525035	-0.051108415	1.211918765	1.757666049	-0.057930049	-2.104600628
0.409646587	-0.661717677	-0.071581727	-0.365586148	1.368372038	1.825439172	0.057930049	-0.862182757	0.902393588	0.037471962	-2.171527717	0.823319923	0.619896262	0.402250065	-0.023842473	-0.237202109	0.387522319	-0.539308633	-0.017029548
-0.603470624	1.021399468	0.057930049	0.181496015	0.872103029	1.105318189	-2.345104662	1.726602201	0.469675385	-0.017029548	2.104600628	0.587206217	0.794970891	1.270787244	-1.368372038	0.785662535	0.571095686	-0.051108415	2.171527717
-2.998020796	0.500322766	0.804348643	-1.270787244	0.358313528	0.785662535	-0.722302208	2.171527717	0.402250065	0.223213218	0.251237576	-1.170380633	-0.365586148	0.380190046	-0.842592259	-0.74010031	-1.240815502	-0.704730028	-1.056453949
-0.112627241	-0.998710851	1.301946185	0.758136008	-0.446977502	0.998710851	1.460977052	-0.409646587	0.372878156	2.249880663	1.021399468	1.117953259	-0.394875486	-0.417065588	0.167663737	0.500322766	-0.477294855	-0.492617885	-0.731172307
-0.343824517	-1.523165155	-0.037471962	0.237202109	0.329407333	0.933535639	-0.010217413	-1.403975696	-0.394875486	0.387522319	-2.104600628	-0.037471962	-1.501786817	0.279460686	-1.156974916	-0.160759774	0.112627241	-0.469675385	0.43197323
0.954809756	1.255660378	-0.785662535	-0.195363108	-0.078412413	0.51582268	-1.021399468	0.539308633	0.315058297	0.258273739	-0.258273739	-0.933535639	0.329407333	-0.112627241	0.35105981	1.642224543	1.068431117	0.998710851	-0.064754379
-0.636490883	0.051108415	-0.057930049	-0.272384894	-0.661717677	-0.439462999	-2.249880663	-0.251237576	0.892205847	-1.286210621	0.51582268	-0.776421761	-0.424507616	0.722302208	-1.143773961	-1.726602201	0.469675385	-1.591873889	-2.171527717
0.078412413	-0.09208509	0.119484771	-0.078412413	0.628171949	0.188425032	0.153863466	-1.032943298	-0.387522319	-0.563095926	-0.380190046	-1.902810954	-1.790524917	-0.146974467	-0.954809756	1.862731867	-1.902810954	0.017029548	0.555132042
1.790524917	-1.301946185	-1.226239142	-2.345104662	-1.143773961	-0.343824517	2.249880663	1.226239142	1.591873889	0.722302208	-2.045954276	-0.237202109	-2.468001988	-1.032943298	0.43197323	0.279460686	0.057930049	-0.085246759	-1.757666049
1.422465003	-1.143773961	0.209267873	-1.946202375	-2.104600628	-1.351202935	-0.776421761	-0.098927729	0.265322712	0.195363108	-0.336607179	-1.825439172	-0.531447525	-1.318010897	1.021399468	-0.037471962	0.555132042	0.030656506	-1.825439172
0.286550499	0.085246759	-0.051108415	-0.174575701	-0.230202032	0.078412413	0.051108415	0.696025208	0.251237576	0.336607179	-0.017029548	1.318010897	0.265322712	0.372878156	1.993601218	-0.279460686	0.758136008	0.804348643	1.270787244
1.862731867	-0.508057465	1.117953259	0.892205847	-0.852346618	-0.244213829	-0.071581727	0.037471962	1.170380633	1.33442315	0.563095926	-0.547203211	-0.539308633	0.003405752	0.539308633	0.872103029	0.35105981	0.571095686	-0.003405752
0.372878156	-1.726602201	-0.976525035	0.579132162	-0.35105981	-0.823319923	-0.315058297	0.653262666	1.669043821	1.240815502	-1.993601218	-0.813797671	-1.197842699	0.258273739	-1.460977052	0.678771572	0.462083086	-1.255660378	-1.105318189
-0.51582268	0.188425032	-0.628171949	1.946202375	0.153863466	-0.078412413	0.126347925	-0.153863466	0.322224522	-0.539308633	0.372878156	0.555132042	-0.402250065	-0.579132162	-0.315058297	-1.697120332	0.272384894	0.085246759	-1.523165155
0.064754379	-0.43197323	-0.030656506	0.704730028	-1.902810954	-1.403975696	-0.862182757	0.713488578	0.45451733	0.140092436	0.126347925	-0.209267873	-0.944119285	-0.057930049	0.51582268	0.365586148	1.385954264	0.380190046	0.133217035
0.216235289	-1.545263217	-0.329407333	-0.91267586	-2.468001988	-1.318010897	0.83291742	0.126347925	0.842592259	0.133217035	-0.272384894	-0.051108415	0.044289159	-1.568142731	0.882109877	-1.669043821	-1.697120332	-0.523619123	0.003405752
-0.003405752	-0.409646587	1.270787244	0.023842473	-0.704730028	-0.842592259	0.882109877	-1.642224543	-0.133217035	0.064754379	-1.946202375	-0.146974467	0.09208509	-0.823319923	-0.322224522	-0.057930049	1.286210621	-0.722302208	-1.211918765
-0.523619123	0.286550499	-0.579132162	-1.240815502	-1.501786817	-1.946202375	-0.785662535	0.998710851	0.477294855	-0.500322766	0.579132162	-1.351202935	-1.33442315	-0.603470624	1.422465003	0.146974467	0.258273739	0.785662535	0.539308633
1.197842699	-1.092857156	-0.965610478	-0.670220259	-1.669043821	-1.460977052	2.171527717	-0.322224522	-0.09208509	0.209267873	0.500322766	0.603470624	0.300773842	-1.422465003	0.387522319	-0.010217413	-0.044289159	0.987557182	0.823319923
0.272384894	-2.345104662	-1.862731867	1.184000049	-1.48107362	-1.056453949	-2.171527717	2.998020796	0.767246816	0.987557182	0.402250065	-1.211918765	-1.862731867	-1.790524917	0.862182757	-0.003405752	-2.249880663	-0.044289159	-1.422465003
-1.080563549	-0.954809756	0.010217413	-0.322224522	-0.477294855	-0.804348643	-2.104600628	-0.017029548	-0.126347925	0.842592259	-1.902810954	0.531447525	0.611662814	-0.872103029	0.140092436	-0.307908216	0.45451733	-1.368372038	0.044289159
-1.143773961	-1.286210621	0.409646587	0.126347925	-0.636490883	0.112627241	-0.579132162	-0.892205847	-0.258273739	-0.293654744	-1.862731867	-0.160759774	-0.300773842	-0.595318735	-0.003405752	0.153863466	0.188425032	-0.619896262	1.825439172
-1.568142731	-0.251237576	0.044289159	-0.976525035	-0.539308633	-0.279460686	-0.923055543	-0.424507616	0.813797671	-0.794970891	0.030656506	-0.044289159	0.064754379	-0.678771572	-0.862182757	0.237202109	0.776421761	0.300773842	-1.270787244
0.085246759	-0.424507616	-1.545263217	-0.064754379	-0.722302208	-0.030656506	-0.74010031	1.501786817	1.240815502	0.933535639	0.098927729	0.071581727	0.286550499	1.368372038	1.368372038	-0.484942137	-0.91267586	0.862182757	0.140092436
0.45451733	0.965610478	-0.91267586	-1.032943298	-0.91267586	-1.862731867	-0.587206217	-0.417065588	-1.197842699	-1.117953259	-1.825439172	-1.270787244	0.661717677	-0.160759774	-0.265322712	-0.244213829	-0.195363108	0.842592259	-1.301946185
0.965610478	-1.591873889	-1.403975696	-1.591873889	-1.021399468	0.508057465	0.469675385	0.45451733	1.403975696	-0.160759774	-0.35105981	1.757666049	1.946202375	-0.923055543	-0.531447525	-0.064754379	-1.117953259	0.587206217	-0.767246816
-0.037471962	0.146974467	0.140092436	2.171527717	-0.555132042	-0.619896262	0.555132042	1.669043821	-0.216235289	0.731172307	-0.223213218	0.882109877	-0.713488578	1.993601218	-1.351202935	0.944119285	-0.446977502	-0.446977502	-0.713488578
1.825439172	1.105318189	-0.35105981	0.794970891	1.009990169	1.009990169	0.713488578	0.722302208	0.358313528	1.48107362	-1.790524917	1.080563549	-0.265322712	0.998710851	0.678771572	1.946202375	1.642224543	1.270787244	0.010217413
1.568142731	-1.902810954	-0.409646587	0.133217035	-0.571095686	-1.301946185	-0.003405752	-0.555132042	1.33442315	0.523619123	0.424507616	-1.156974916	-1.422465003	-1.092857156	-1.616536998	0.923055543	-1.226239142	-1.009990169	-1.993601218
2.645701413	-1.862731867	-0.417065588	0.372878156	-0.358313528	0.380190046	-0.230202032	-0.987557182	-0.300773842	1.862731867	-1.757666049	0.343824517	-1.044626445	-0.842592259	-0.030656506	-0.343824517	-0.933535639	1.902810954	1.669043821
-0.160759774	-0.794970891	-1.021399468	0.776421761	-0.6448541	-0.160759774	-0.91267586	1.545263217	-0.484942137	-1.255660378	0.380190046	-0.804348643	-0.892205847	-0.35105981	-0.133217035	0.202310601	-0.892205847	0.223213218	-0.555132042
0.071581727	1.33442315	0.563095926	0.492617885	0.174575701	0.492617885	-0.563095926	-0.976525035	0.394875486	-1.318010897	-1.726602201	-0.872103029	-1.825439172	0.365586148	-1.270787244	1.757666049	0.286550499	0.523619123	-0.439462999
-0.954809756	0.216235289	-0.402250065	0.722302208	-0.153863466	-0.140092436	-0.146974467	0.987557182	-0.265322712	-1.156974916	-1.697120332	-1.286210621	-0.563095926	0.439462999	-0.112627241	0.160759774	-0.785662535	-0.508057465	-0.923055543
1.211918765	-0.477294855	-1.902810954	-1.092857156	-0.216235289	-0.987557182	-0.571095686	0.842592259	-0.105775004	-0.555132042	0.279460686	-0.687372812	0.112627241	-1.48107362	-0.237202109	-0.272384894	0.300773842	0.603470624	-0.587206217
-0.767246816	0.804348643	2.249880663	-1.642224543	-0.804348643	-1.33442315	1.501786817	-2.171527717	0.804348643	-0.251237576	1.523165155	-0.563095926	-1.669043821	-2.104600628	1.642224543	-0.794970891	-1.568142731	-1.286210621	-1.032943298
1.240815502	-0.244213829	-0.678771572	0.976525035	-1.056453949	-0.678771572	-0.424507616	-0.547203211	-0.279460686	1.301946185	1.460977052	1.523165155	-0.446977502	-0.587206217	-0.286550499	-0.547203211	-0.146974467	-0.628171949	-1.669043821
-0.944119285	-2.998020796	0.439462999	-0.030656506	-1.862731867	-1.130769373	-0.409646587	-1.946202375	-0.492617885	-0.078412413	-1.669043821	-1.568142731	-0.595318735	-2.171527717	-0.160759774	-1.642224543	-2.345104662	0.329407333	-1.156974916
-0.987557182	-1.790524917	-0.998710851	0.387522319	0.057930049	0.862182757	0.45451733	-0.687372812	0.209267873	-0.380190046	-1.642224543	-2.104600628	-2.171527717	-1.130769373	0.343824517	0.023842473	-0.611662814	0.064754379	-1.946202375
0.74010031	-0.653262666	0.244213829	0.329407333	0.181496015	1.460977052	-0.882109877	-0.51582268	-0.6448541	-0.202310601	-1.616536998	-0.469675385	-0.126347925	0.611662814	-0.704730028	0.661717677	0.293654744	0.216235289	-1.044626445
-0.852346618	0.704730028	0.477294855	-0.563095926	1.143773961	2.045954276	-0.023842473	-0.105775004	0.571095686	0.017029548	0.078412413	-0.387522319	1.318010897	-0.105775004	1.056453949	0.636490883	1.862731867	0.944119285	-1.068431117
-0.484942137	0.74010031	-1.270787244	-1.351202935	-1.545263217	-0.484942137	0.078412413	0.944119285	-0.209267873	0.244213829	-1.591873889	1.993601218	0.017029548	-1.301946185	1.130769373	-1.616536998	-0.523619123	1.422465003	-0.140092436
0.174575701	2.104600628	-1.385954264	0.112627241	-0.279460686	-0.322224522	0.064754379	-0.202310601	-0.037471962	-1.642224543	-1.568142731	-0.987557182	1.642224543	1.902810954	-1.318010897	2.998020796	-0.882109877	1.862731867	1.568142731
0.794970891	1.902810954	-1.286210621	-0.017029548	-0.563095926	-0.687372812	-2.045954276	0.687372812	0.987557182	-0.933535639	0.571095686	-0.057930049	-0.813797671	1.726602201	-0.965610478	-1.591873889	2.645701413	1.545263217	0.174575701
0.279460686	-0.365586148	1.422465003	-0.998710851	-0.965610478	-0.571095686	-1.993601218	0.704730028	1.117953259	0.872103029	-0.119484771	-1.48107362	-1.117953259	1.318010897	0.6448541	0.112627241	-1.669043821	0.628171949	-0.987557182
0.181496015	0.244213829	0.265322712	0.587206217	-1.032943298	-0.954809756	-0.030656506	1.032943298	1.301946185	1.255660378	-0.279460686	-0.43197323	-0.044289159	0.661717677	0.923055543	0.003405752	-0.804348643	0.51582268	0.160759774
-0.030656506	-0.91267586	-1.48107362	0.508057465	-1.068431117	-0.209267873	-0.343824517	-1.056453949	0.003405752	0.057930049	0.446977502	-0.998710851	-0.336607179	-0.661717677	-0.603470624	0.579132162	-0.45451733	0.83291742	-0.678771572
0.628171949	1.368372038	0.167663737	-0.794970891	-0.51582268	-1.092857156	-0.696025208	0.293654744	-1.286210621	-1.616536998	-0.105775004	-0.244213829	0.636490883	-0.83291742	-0.83291742	0.484942137	-0.595318735	-0.987557182	0.358313528
1.48107362	-0.387522319	-0.146974467	-0.167663737	1.591873889	0.661717677	0.862182757	-2.468001988	1.757666049	1.351202935	0.209267873	-1.523165155	-0.902393588	-0.500322766	1.825439172	0.531447525	0.43197323	1.403975696	-0.051108415
1.170380633	-1.318010897	-0.244213829	-0.160759774	-1.270787244	-1.211918765	-1.946202375	-0.216235289	1.726602201	1.642224543	-1.523165155	0.010217413	-0.882109877	0.230202032	0.758136008	0.286550499	-0.372878156	-0.300773842	0.251237576
0.862182757	1.642224543	-0.010217413	0.842592259	0.687372812	-0.153863466	-0.133217035	0.030656506	0.343824517	0.35105981	0.439462999	-0.767246816	0.380190046	1.156974916	-0.188425032	0.555132042	1.33442315	1.184000049	0.017029548
-0.315058297	0.424507616	0.293654744	1.523165155	-0.030656506	-0.017029548	0.322224522	0.547203211	0.862182757	-0.329407333	-1.501786817	0.272384894	0.51582268	0.852346618	-0.446977502	0.394875486	0.531447525	0.892205847	-0.758136008
1.545263217	0.329407333	0.223213218	1.403975696	0.112627241	0.944119285	-0.842592259	0.579132162	1.460977052	1.286210621	-1.48107362	-0.098927729	0.230202032	0.223213218	1.790524917	1.032943298	0.51582268	1.044626445	0.954809756
-0.394875486	0.223213218	0.258273739	-1.523165155	-0.492617885	0.555132042	-1.156974916	1.286210621	-0.051108415	-0.343824517	-0.153863466	-0.09208509	-0.003405752	0.071581727	0.555132042	0.223213218	1.48107362	0.794970891	-1.726602201
0.484942137	-0.619896262	-1.441453795	1.286210621	-0.462083086	-0.09208509	-1.902810954	-1.862731867	0.661717677	0.563095926	-0.181496015	-1.184000049	0.776421761	-0.300773842	0.804348643	-0.181496015	0.167663737	-0.595318735	0.619896262
-1.669043821	0.315058297	1.33442315	0.051108415	-0.758136008	-0.785662535	-0.216235289	-0.064754379	-0.51582268	-0.424507616	-1.460977052	-0.7490877	-1.946202375	0.563095926	1.270787244	0.037471962	-0.307908216	0.670220259	-0.167663737
0.402250065	0.195363108	0.085246759	0.409646587	0.902393588	-0.195363108	0.965610478	0.882109877	0.872103029	-0.722302208	0.146974467	-0.140092436	0.030656506	0.767246816	-0.293654744	-0.146974467	0.523619123	-0.329407333	-0.202310601
0.713488578	-0.531447525	-0.394875486	0.146974467	-1.117953259	-0.133217035	1.697120332	0.09208509	1.009990169	0.74010031	-1.441453795	0.409646587	-0.140092436	0.603470624	-0.09208509	1.117953259	-0.037471962	0.153863466	-0.661717677
-0.322224522	0.571095686	-0.45451733	-0.547203211	-0.670220259	0.595318735	0.230202032	-0.587206217	0.417065588	-0.057930049	-1.422465003	-0.216235289	1.351202935	1.460977052	-0.209267873	0.892205847	0.195363108	0.286550499	-0.286550499
-1.184000049	-1.351202935	-0.119484771	0.872103029	-0.439462999	-1.441453795	-0.547203211	-1.105318189	-0.174575701	-1.197842699	-1.385954264	-0.365586148	-1.286210621	0.010217413	-0.933535639	0.380190046	-0.923055543	-0.767246816	-0.965610478
-0.492617885	0.595318735	-0.174575701	-0.587206217	-1.211918765	-1.993601218	-0.976525035	-1.441453795	1.211918765	-0.358313528	1.197842699	-0.661717677	0.439462999	0.017029548	0.098927729	1.255660378	1.211918765	0.336607179	0.057930049
-0.696025208	-0.181496015	-1.523165155	0.998710851	-0.119484771	0.230202032	-1.862731867	-0.265322712	-1.032943298	-0.923055543	0.45451733	-0.722302208	-0.508057465	0.251237576	-1.33442315	0.409646587	-0.965610478	0.160759774	-0.258273739
1.068431117	1.993601218	-1.080563549	1.080563549	1.993601218	1.080563549	1.068431117	0.862182757	0.595318735	0.500322766	-0.329407333	2.249880663	0.35105981	0.74010031	0.767246816	-0.119484771	0.365586148	2.998020796	1.184000049
0.126347925	1.286210621	-2.998020796	-0.492617885	-0.322224522	0.126347925	-0.105775004	-0.133217035	1.255660378	0.003405752	0.167663737	0.078412413	1.862731867	-0.462083086	0.842592259	0.336607179	0.017029548	1.726602201	1.156974916
1.105318189	0.83291742	-1.184000049	0.923055543	0.83291742	1.48107362	1.790524917	-0.823319923	-1.523165155	-0.244213829	0.195363108	-1.33442315	-1.226239142	-0.017029548	0.611662814	0.696025208	0.265322712	1.790524917	1.697120332
-0.064754379	-0.35105981	-1.790524917	0.91267586	0.202310601	1.301946185	1.092857156	-0.531447525	-0.315058297	0.976525035	-1.368372038	-1.301946185	-0.91267586	0.105775004	-0.329407333	0.064754379	0.678771572	0.307908216	0.098927729
-1.351202935	0.477294855	0.83291742	0.085246759	1.117953259	0.713488578	0.636490883	-1.568142731	-1.616536998	-1.825439172	0.343824517	-2.645701413	-1.184000049	0.653262666	-1.255660378	-0.209267873	-0.976525035	-0.587206217	0.387522319
0.140092436	0.611662814	-0.380190046	1.33442315	-0.174575701	-0.670220259	0.188425032	-0.508057465	1.368372038	0.508057465	-1.351202935	-0.74010031	0.078412413	-0.484942137	0.619896262	0.7490877	0.181496015	-0.09208509	-1.385954264
-1.068431117	-0.279460686	-1.044626445	-0.230202032	-1.130769373	-0.365586148	-1.825439172	-0.539308633	-0.571095686	-0.628171949	-1.33442315	-2.345104662	-0.571095686	-1.143773961	0.119484771	1.460977052	1.156974916	-0.670220259	-1.092857156
-1.902810954	0.023842473	-0.017029548	1.501786817	-0.071581727	-0.064754379	0.628171949	-1.044626445	0.336607179	-0.216235289	-1.318010897	0.45451733	0.804348643	1.501786817	-0.336607179	1.48107362	0.223213218	0.202310601	-0.595318735
-1.156974916	0.098927729	-0.713488578	0.300773842	-0.167663737	0.051108415	-0.7490877	-1.255660378	-0.057930049	0.704730028	-0.322224522	-0.45451733	0.446977502	-0.74010031	-0.181496015	1.197842699	1.726602201	0.446977502	-0.329407333
1.130769373	-0.785662535	-0.74010031	-1.044626445	-1.993601218	-0.944119285	0.112627241	0.105775004	2.645701413	1.056453949	0.611662814	-2.468001988	-0.462083086	-1.726602201	0.105775004	-0.687372812	-1.616536998	0.611662814	-0.547203211
0.258273739	0.813797671	-0.223213218	1.460977052	-0.223213218	-0.587206217	0.146974467	0.954809756	0.696025208	-1.056453949	0.112627241	0.146974467	0.785662535	1.021399468	-1.946202375	0.804348643	-1.105318189	0.003405752	-0.293654744
1.226239142	1.790524917	0.286550499	-0.387522319	-0.603470624	-0.882109877	-0.017029548	1.092857156	0.044289159	0.794970891	-1.301946185	0.167663737	-1.697120332	0.862182757	1.946202375	0.882109877	1.568142731	0.722302208	0.998710851
-1.211918765	1.403975696	0.74010031	0.74010031	-1.318010897	-0.862182757	0.202310601	-0.258273739	0.216235289	-1.591873889	0.265322712	0.286550499	0.852346618	-0.91267586	-0.923055543	0.329407333	-2.468001988	-0.358313528	-0.336607179
-0.872103029	-0.83291742	-0.265322712	0.484942137	-2.045954276	-2.998020796	1.255660378	-1.197842699	0.071581727	-0.595318735	-0.167663737	-0.862182757	-0.579132162	0.146974467	-1.105318189	-1.568142731	0.603470624	-0.484942137	0.603470624
-1.286210621	0.174575701	-0.619896262	-0.7490877	-0.126347925	0.003405752	0.462083086	0.636490883	0.051108415	-1.501786817	-1.286210621	-0.508057465	1.211918765	-0.307908216	-0.579132162	1.009990169	-1.368372038	-0.188425032	0.653262666
-0.279460686	-0.140092436	-0.09208509	1.616536998	1.211918765	0.987557182	0.272384894	-0.704730028	0.758136008	-1.184000049	0.484942137	0.293654744	1.286210621	-0.933535639	-1.056453949	-1.545263217	-1.757666049	-1.545263217	-0.484942137
1.385954264	-1.422465003	-2.104600628	-2.645701413	-1.642224543	-0.976525035	-0.174575701	-2.998020796	1.993601218	1.184000049	0.057930049	-0.322224522	1.501786817	-2.468001988	2.171527717	-0.670220259	-2.045954276	-0.923055543	2.998020796
0.030656506	0.508057465	-2.045954276	0.064754379	0.387522319	-0.293654744	-1.032943298	-0.767246816	-1.092857156	1.790524917	-0.265322712	-0.251237576	1.105318189	-0.862182757	0.017029548	0.477294855	-1.318010897	0.35105981	0.872103029
-0.35105981	-0.628171949	-1.170380633	0.446977502	0.500322766	0.794970891	-0.380190046	0.307908216	-0.35105981	0.776421761	0.051108415	-0.174575701	-0.153863466	0.758136008	-0.387522319	0.611662814	-0.813797671	1.441453795	-0.882109877
-0.258273739	1.441453795	-1.105318189	-1.368372038	0.91267586	0.293654744	-0.078412413	1.068431117	-0.372878156	0.09208509	-1.270787244	1.240815502	1.441453795	0.153863466	0.424507616	0.902393588	0.003405752	1.286210621	-0.462083086
1.044626445	-1.616536998	0.713488578	-0.933535639	-0.272384894	1.197842699	0.539308633	1.301946185	-0.023842473	0.923055543	0.539308633	0.119484771	-0.167663737	-1.270787244	1.170380633	-1.523165155	0.6448541	0.484942137	-0.216235289
0.933535639	-0.976525035	-0.611662814	1.056453949	0.071581727	-0.044289159	1.184000049	0.343824517	0.51582268	1.092857156	0.230202032	-0.293654744	-1.056453949	0.43197323	0.402250065	0.300773842	-1.523165155	0.372878156	-1.184000049
-0.587206217	-0.523619123	-0.954809756	-0.09208509	-0.776421761	-0.35105981	0.923055543	0.195363108	0.307908216	-1.021399468	-1.240815502	0.508057465	0.731172307	1.056453949	-0.462083086	0.492617885	0.202310601	1.117953259	0.112627241
0.307908216	2.045954276	0.987557182	-1.009990169	1.862731867	1.270787244	0.216235289	0.611662814	1.351202935	0.823319923	-0.202310601	-1.032943298	-0.43197323	-0.140092436	0.872103029	0.628171949	1.080563549	1.946202375	1.130769373
2.345104662	-0.153863466	-1.946202375	0.477294855	-0.372878156	-0.595318735	-0.202310601	-1.523165155	0.563095926	0.954809756	-1.226239142	-0.892205847	-0.636490883	-0.998710851	-1.726602201	0.181496015	-0.469675385	-1.48107362	0.696025208
-0.336607179	-1.757666049	-0.661717677	-0.044289159	-0.954809756	-0.402250065	0.300773842	-1.226239142	1.197842699	0.105775004	-1.211918765	-0.424507616	-0.188425032	-0.944119285	-0.587206217	0.078412413	-1.255660378	0.044289159	-0.010217413
0.112627241	0.579132162	-0.272384894	-1.726602201	0.477294855	0.174575701	-1.790524917	-0.358313528	-1.318010897	-0.140092436	-0.358313528	-0.336607179	1.301946185	0.636490883	-0.105775004	0.653262666	-1.211918765	0.74010031	-0.492617885
-0.628171949	0.43197323	1.501786817	-0.852346618	0.35105981	-0.307908216	-1.757666049	-0.003405752	-0.555132042	-1.48107362	0.085246759	-2.249880663	-1.642224543	-0.563095926	-2.645701413	-0.523619123	-1.460977052	-1.130769373	0.35105981
2.468001988	-0.469675385	-1.757666049	1.642224543	-2.998020796	0.417065588	-1.726602201	-0.023842473	-2.645701413	-1.092857156	-0.064754379	-2.998020796	-0.731172307	-0.628171949	-2.345104662	-1.501786817	0.424507616	0.731172307	-1.862731867
0.731172307	0.279460686	-0.987557182	1.270787244	-0.09208509	0.74010031	0.446977502	-1.240815502	0.272384894	0.167663737	-1.197842699	-1.545263217	-1.726602201	0.619896262	-1.825439172	0.126347925	0.380190046	-0.387522319	0.071581727
0.804348643	0.322224522	0.462083086	0.315058297	0.469675385	0.7490877	-1.697120332	-0.872103029	0.794970891	0.603470624	-1.170380633	-0.105775004	2.249880663	-0.126347925	0.023842473	-0.105775004	0.307908216	-0.251237576	0.216235289
-0.7490877	0.439462999	0.43197323	-1.385954264	0.579132162	-0.492617885	-1.669043821	0.003405752	-1.226239142	-1.568142731	-0.251237576	-1.993601218	0.167663737	-1.170380633	-2.045954276	0.044289159	-0.209267873	-1.240815502	-1.790524917
1.993601218	-1.669043821	-0.923055543	-0.813797671	-0.933535639	1.642224543	2.104600628	-0.944119285	0.653262666	1.501786817	-1.156974916	-0.167663737	1.270787244	-1.825439172	0.146974467	-0.044289159	-0.064754379	-1.143773961	0.439462999
-0.098927729	1.460977052	-0.300773842	-0.446977502	0.619896262	0.892205847	0.579132162	-0.300773842	0.954809756	0.272384894	-0.09208509	-0.286550499	1.092857156	1.032943298	0.380190046	0.446977502	0.661717677	0.595318735	0.892205847
-0.687372812	-1.170380633	-0.439462999	0.813797671	-1.726602201	-1.184000049	-1.255660378	-0.619896262	1.130769373	1.368372038	-1.143773961	-0.923055543	-1.441453795	-0.767246816	-1.993601218	0.713488578	0.037471962	-1.197842699	-0.954809756
-1.117953259	1.009990169	0.842592259	-0.785662535	0.823319923	1.240815502	-0.181496015	-1.545263217	-1.044626445	-1.993601218	0.409646587	-1.669043821	-1.270787244	-1.156974916	0.174575701	-1.48107362	-1.403975696	0.133217035	2.468001988
-1.697120332	0.336607179	1.616536998	-0.071581727	-0.83291742	-0.872103029	-1.642224543	0.670220259	0.010217413	-0.661717677	0.105775004	-1.790524917	-2.345104662	-0.244213829	0.223213218	0.619896262	0.611662814	-0.882109877	-1.902810954
0.7490877	0.258273739	-0.003405752	-0.477294855	0.380190046	-1.044626445	-0.209267873	-0.776421761	-0.017029548	-2.345104662	-1.130769373	-1.009990169	0.91267586	-0.492617885	0.785662535	-0.678771572	-1.170380633	-2.998020796	-2.345104662
0.785662535	-1.056453949	-1.318010897	0.713488578	0.146974467	-0.776421761	0.167663737	-1.130769373	0.064754379	0.571095686	-1.117953259	0.954809756	0.500322766	0.023842473	0.587206217	-0.085246759	-0.51582268	-0.611662814	0.064754379
0.265322712	-1.117953259	1.130769373	1.825439172	0.279460686	0.286550499	1.403975696	0.202310601	-0.944119285	-0.315058297	0.237202109	-0.439462999	-1.068431117	1.403975696	-1.790524917	0.842592259	1.130769373	-0.794970891	-1.255660378
0.704730028	-2.645701413	-1.460977052	-1.669043821	-1.368372038	-1.422465003	0.484942137	-2.645701413	0.160759774	1.156974916	-1.092857156	0.758136008	1.726602201	-2.345104662	1.523165155	-0.508057465	-2.998020796	-1.460977052	2.045954276
1.009990169	1.523165155	0.071581727	-1.068431117	2.171527717	1.697120332	-0.358313528	-0.439462999	1.080563549	1.993601218	-0.372878156	-0.653262666	0.258273739	0.51582268	1.143773961	0.051108415	2.104600628	2.345104662	-0.74010031
-2.171527717	-0.571095686	-0.547203211	1.105318189	-0.976525035	-1.501786817	2.998020796	-0.484942137	-0.293654744	-0.687372812	-1.080563549	-1.056453949	0.508057465	-0.085246759	1.616536998	-0.188425032	-1.197842699	-0.394875486	0.380190046
-1.368372038	-0.209267873	0.595318735	-0.661717677	0.372878156	0.209267873	-1.226239142	0.133217035	0.704730028	0.030656506	-1.068431117	-0.078412413	-0.286550499	-0.223213218	-0.74010031	-0.023842473	-1.044626445	-0.293654744	0.146974467
0.477294855	0.923055543	0.523619123	0.547203211	1.170380633	1.862731867	-0.387522319	0.852346618	0.133217035	0.307908216	1.33442315	1.130769373	0.365586148	2.249880663	-0.223213218	0.976525035	0.892205847	-0.140092436	0.484942137
-0.595318735	-0.7490877	0.758136008	1.170380633	-0.417065588	-0.579132162	0.209267873	-1.301946185	-1.211918765	-0.146974467	-1.032943298	1.790524917	0.188425032	-0.696025208	1.902810954	-1.422465003	-0.358313528	-0.126347925	1.862731867
-0.45451733	1.825439172	-0.286550499	-0.35105981	0.547203211	-0.329407333	1.197842699	0.902393588	2.171527717	-2.645701413	-1.021399468	0.230202032	2.645701413	-0.078412413	-0.45451733	-0.380190046	-0.794970891	1.211918765	0.424507616
0.892205847	-0.417065588	-1.993601218	-0.439462999	1.068431117	1.170380633	1.669043821	0.174575701	2.249880663	1.902810954	-0.112627241	0.579132162	-0.057930049	-0.315058297	2.345104662	0.188425032	0.563095926	2.104600628	1.318010897
-1.757666049	-1.403975696	-1.032943298	-0.010217413	0.794970891	-0.713488578	0.571095686	-1.385954264	-1.422465003	-1.270787244	-0.195363108	-1.460977052	-0.064754379	-1.056453949	-0.439462999	-1.403975696	-0.336607179	-1.697120332	0.394875486
1.757666049	1.318010897	-1.669043821	0.160759774	-0.587206217	0.813797671	1.545263217	0.892205847	2.345104662	0.862182757	0.862182757	0.933535639	-0.272384894	1.197842699	0.237202109	-1.385954264	1.270787244	1.068431117	0.336607179
-0.402250065	-0.380190046	-0.202310601	-0.057930049	0.010217413	0.722302208	0.823319923	1.184000049	1.501786817	1.117953259	-0.998710851	-0.300773842	-0.258273739	1.642224543	0.813797671	1.068431117	-1.33442315	1.523165155	-0.030656506
-0.804348643	0.358313528	-0.140092436	0.500322766	-0.923055543	-0.523619123	-0.500322766	0.923055543	1.318010897	0.365586148	-0.987557182	0.862182757	0.216235289	2.998020796	0.446977502	0.51582268	0.230202032	0.619896262	0.237202109
-1.946202375	1.757666049	-0.216235289	-1.021399468	-0.265322712	0.071581727	-0.954809756	-0.6448541	0.098927729	0.085246759	1.642224543	0.057930049	1.568142731	1.170380633	0.976525035	-0.462083086	1.301946185	0.023842473	-0.446977502
0.244213829	0.842592259	-0.023842473	2.345104662	1.902810954	1.33442315	0.43197323	1.697120332	1.902810954	0.6448541	-0.976525035	1.726602201	0.153863466	1.862731867	0.696025208	0.372878156	1.616536998	0.954809756	1.301946185
-0.329407333	2.345104662	1.48107362	0.265322712	0.424507616	0.195363108	-0.804348643	0.813797671	1.032943298	-1.226239142	-0.965610478	-1.591873889	-1.616536998	-0.174575701	1.318010897	0.09208509	1.105318189	1.568142731	1.197842699
1.441453795	-1.441453795	1.184000049	1.032943298	-1.385954264	-2.249880663	2.045954276	-0.500322766	0.126347925	0.678771572	-0.954809756	-1.501786817	0.653262666	1.422465003	0.307908216	1.184000049	0.417065588	-0.944119285	-0.469675385
1.523165155	-0.758136008	-0.322224522	-0.003405752	-1.757666049	-0.767246816	1.48107362	0.181496015	0.83291742	0.619896262	1.501786817	0.687372812	-0.146974467	-1.403975696	1.697120332	-0.315058297	1.946202375	1.757666049	1.009990169
0.998710851	0.343824517	-2.645701413	0.258273739	-0.195363108	0.484942137	-0.119484771	-0.563095926	-0.237202109	1.044626445	0.153863466	-0.603470624	1.032943298	1.697120332	-0.195363108	0.813797671	-1.068431117	0.852346618	-0.539308633
-0.976525035	0.555132042	-0.704730028	-1.197842699	-0.057930049	0.372878156	0.35105981	0.365586148	-0.508057465	-0.469675385	-0.944119285	-0.628171949	0.813797671	-0.044289159	0.823319923	0.43197323	0.030656506	1.240815502	1.240815502
1.080563549	-1.021399468	-0.842592259	-0.944119285	-1.946202375	-1.790524917	-1.591873889	1.385954264	1.825439172	0.944119285	1.616536998	-0.492617885	-1.368372038	1.351202935	1.240815502	0.6448541	1.056453949	0.237202109	-1.545263217
-0.758136008	1.946202375	0.279460686	1.862731867	-0.794970891	-0.315058297	1.143773961	2.468001988	0.670220259	-0.6448541	-0.933535639	-0.402250065	-1.385954264	1.255660378	-0.244213829	1.286210621	1.523165155	0.409646587	0.636490883
0.336607179	-0.010217413	1.156974916	2.045954276	0.417065588	-0.085246759	-1.568142731	-0.030656506	-0.954809756	-1.385954264	0.670220259	1.143773961	-0.661717677	0.126347925	-1.286210621	0.547203211	-0.628171949	-0.030656506	-0.794970891
-0.704730028	0.071581727	-0.167663737	0.336607179	-0.987557182	-0.051108415	-1.270787244	1.105318189	-0.167663737	0.547203211	0.017029548	1.697120332	-0.244213829	0.085246759	0.965610478	-0.6448541	1.032943298	0.91267586	-0.7490877
-1.009990169	0.202310601	-0.195363108	-1.080563549	0.603470624	0.523619123	1.523165155	-0.469675385	0.579132162	-0.417065588	0.492617885	-1.385954264	1.130769373	0.579132162	0.244213829	0.563095926	-0.687372812	0.424507616	-0.209267873
-0.547203211	-0.563095926	-1.197842699	0.902393588	0.365586148	0.010217413	-0.965610478	-2.045954276	0.484942137	-0.713488578	0.704730028	0.804348643	0.547203211	-0.758136008	-0.571095686	-0.017029548	-0.251237576	-0.010217413	-0.322224522
0.587206217	-1.255660378	-0.603470624	0.09208509	-1.591873889	-1.286210621	-0.767246816	0.188425032	1.48107362	1.270787244	2.045954276	0.003405752	-0.293654744	-0.45451733	0.044289159	0.293654744	0.336607179	0.758136008	0.307908216
0.531447525	-0.286550499	-1.825439172	1.441453795	-1.33442315	-1.255660378	-1.130769373	1.33442315	0.037471962	0.343824517	0.09208509	-1.105318189	-1.021399468	-0.003405752	0.595318735	-0.174575701	2.045954276	0.365586148	0.767246816
-0.923055543	0.563095926	0.628171949	0.523619123	0.126347925	-0.071581727	-0.998710851	-0.343824517	0.078412413	-0.45451733	-0.43197323	1.862731867	1.48107362	1.240815502	0.372878156	-0.153863466	1.501786817	1.33442315	0.119484771
1.301946185	1.240815502	0.315058297	-0.882109877	0.439462999	0.030656506	1.422465003	0.023842473	0.852346618	0.767246816	0.469675385	-0.823319923	-0.555132042	1.385954264	0.112627241	0.387522319	0.7490877	-0.064754379	-0.085246759
1.642224543	-1.48107362	1.080563549	0.167663737	-0.813797671	-0.7490877	-0.057930049	1.642224543	0.587206217	-0.133217035	-0.923055543	-0.611662814	0.160759774	0.112627241	0.531447525	0.216235289	-0.508057465	-0.852346618	-1.009990169
1.021399468	0.078412413	0.555132042	2.249880663	-1.044626445	-0.998710851	-1.117953259	-0.119484771	-1.255660378	0.45451733	0.272384894	-1.441453795	-1.301946185	1.825439172	1.501786817	0.322224522	2.998020796	1.697120332	-0.776421761
-1.441453795	2.171527717	0.188425032	-0.45451733	1.197842699	0.469675385	1.591873889	-0.380190046	-0.539308633	-0.653262666	0.071581727	-0.417065588	0.933535639	-0.43197323	-0.037471962	0.987557182	-0.174575701	0.174575701	-0.902393588
0.523619123	-0.446977502	1.068431117	1.790524917	-0.713488578	-1.117953259	0.767246816	1.211918765	-0.477294855	-0.174575701	-0.91267586	-0.794970891	-0.954809756	0.872103029	-1.080563549	-0.409646587	-1.726602201	-0.696025208	0.126347925
2.249880663	1.726602201	-0.823319923	0.636490883	0.731172307	1.286210621	-0.661717677	1.48107362	1.642224543	1.591873889	-0.902393588	1.616536998	0.872103029	0.678771572	1.591873889	1.156974916	1.993601218	2.645701413	0.6448541
-0.722302208	-0.085246759	-1.301946185	-0.758136008	-1.080563549	-1.48107362	0.678771572	-0.188425032	-0.469675385	-0.678771572	-0.892205847	-0.713488578	-0.872103029	0.923055543	-0.394875486	-0.223213218	-0.987557182	-0.160759774	1.642224543
0.153863466	-0.636490883	0.785662535	-1.255660378	-1.197842699	1.021399468	-0.944119285	0.409646587	-0.636490883	0.661717677	0.661717677	-0.882109877	-0.696025208	-1.441453795	0.998710851	-0.804348643	-0.531447525	1.092857156	0.417065588
-0.531447525	-2.468001988	-0.387522319	2.468001988	-1.697120332	-2.645701413	-0.539308633	-1.790524917	-0.713488578	-0.365586148	-0.244213829	-1.616536998	-1.403975696	0.174575701	-2.468001988	-0.195363108	-0.696025208	-1.825439172	-1.568142731
-0.167663737	-0.500322766	-2.468001988	-0.343824517	-0.181496015	0.446977502	-0.439462999	-1.368372038	-0.587206217	-0.209267873	-0.882109877	-1.697120332	-0.842592259	-0.010217413	0.394875486	0.439462999	-2.104600628	0.417065588	-0.571095686
-0.307908216	1.616536998	0.230202032	-0.892205847	0.167663737	0.45451733	0.417065588	0.976525035	1.862731867	-0.387522319	-0.872103029	-0.852346618	0.372878156	1.523165155	0.272384894	-0.358313528	-1.143773961	0.188425032	0.085246759
0.43197323	-0.965610478	0.51582268	-1.422465003	0.223213218	0.678771572	-0.251237576	2.045954276	0.439462999	1.385954264	-0.862182757	0.251237576	-0.619896262	0.057930049	0.300773842	-0.492617885	0.987557182	0.923055543	-0.477294855
-0.380190046	-1.156974916	-0.477294855	-0.358313528	-0.343824517	0.105775004	1.902810954	0.237202109	-0.112627241	0.892205847	-0.852346618	1.460977052	0.037471962	-1.105318189	1.568142731	-1.368372038	1.240815502	1.48107362	-2.468001988
0.842592259	-1.697120332	-0.133217035	-1.301946185	1.441453795	0.611662814	1.301946185	0.279460686	-0.119484771	-0.91267586	0.202310601	-1.240815502	-1.156974916	1.211918765	-0.987557182	0.508057465	-1.286210621	-1.021399468	1.056453949
1.902810954	-0.611662814	-0.462083086	0.670220259	0.133217035	0.343824517	1.441453795	0.272384894	-0.402250065	1.697120332	1.545263217	0.307908216	-0.611662814	0.409646587	0.188425032	0.402250065	0.492617885	-0.037471962	0.329407333
0.500322766	0.030656506	0.35105981	0.078412413	1.48107362	0.43197323	0.286550499	-0.35105981	-1.993601218	0.462083086	-0.409646587	1.092857156	1.385954264	0.469675385	0.057930049	1.545263217	-0.402250065	0.258273739	0.563095926
0.653262666	1.117953259	1.825439172	0.571095686	1.757666049	0.336607179	0.933535639	0.085246759	-1.790524917	0.372878156	1.825439172	-0.188425032	-1.351202935	0.954809756	0.469675385	0.209267873	0.696025208	-0.258273739	1.080563549
-2.645701413	-0.188425032	1.946202375	0.343824517	-0.394875486	0.153863466	0.653262666	0.265322712	0.6448541	-0.394875486	0.044289159	-0.976525035	-0.804348643	0.265322712	-0.402250065	-0.051108415	-0.258273739	-0.286550499	-0.842592259
-1.33442315	-0.300773842	0.329407333	-0.181496015	-0.293654744	1.757666049	1.270787244	-0.923055543	0.223213218	1.226239142	-0.842592259	0.704730028	0.539308633	-0.071581727	-0.823319923	2.645701413	0.372878156	-0.402250065	1.422465003
1.143773961	-0.555132042	-0.469675385	0.105775004	-0.402250065	-0.202310601	0.813797671	-0.085246759	-1.501786817	1.825439172	1.105318189	0.365586148	-0.492617885	0.539308633	1.009990169	-0.394875486	0.902393588	-0.547203211	-0.251237576
0.678771572	0.998710851	0.767246816	0.293654744	0.758136008	0.539308633	0.409646587	0.477294855	-0.322224522	-0.223213218	1.301946185	0.670220259	-0.017029548	0.933535639	-0.611662814	-0.603470624	1.545263217	0.965610478	-0.105775004
-0.571095686	1.385954264	-0.126347925	0.696025208	0.300773842	-0.462083086	-1.240815502	0.358313528	0.43197323	-1.044626445	0.322224522	0.794970891	1.902810954	-0.209267873	-1.523165155	-1.351202935	-0.293654744	0.265322712	-0.813797671
-0.83291742	1.032943298	-0.064754379	-0.112627241	-0.823319923	-1.156974916	1.032943298	-0.195363108	-0.687372812	0.010217413	-0.83291742	-0.523619123	0.531447525	-0.539308633	1.117953259	0.272384894	-1.156974916	1.056453949	-0.45451733
-0.74010031	0.003405752	1.044626445	0.394875486	-0.329407333	1.044626445	0.758136008	0.563095926	0.35105981	0.687372812	0.35105981	1.211918765	0.057930049	1.068431117	0.417065588	0.722302208	0.477294855	-0.209267873	-0.174575701
-0.469675385	-0.862182757	-0.7490877	-0.462083086	-1.255660378	-0.45451733	-0.823319923	-0.628171949	-0.153863466	-0.098927729	-0.343824517	-0.202310601	-1.105318189	-1.993601218	1.757666049	-0.230202032	-1.422465003	-1.862731867	-0.933535639
0.044289159	0.636490883	1.092857156	1.044626445	1.642224543	1.226239142	1.170380633	-0.126347925	-2.468001988	-0.767246816	1.48107362	0.402250065	-0.409646587	-0.409646587	0.439462999	-1.33442315	-0.112627241	-0.965610478	-1.697120332
-0.105775004	-1.568142731	0.579132162	-1.130769373	0.595318735	0.098927729	-0.237202109	-1.080563549	-0.83291742	0.315058297	0.329407333	-0.153863466	-0.174575701	0.188425032	-2.104600628	-0.258273739	-0.43197323	-0.462083086	-0.160759774
0.394875486	-0.902393588	-1.009990169	-0.74010031	1.545263217	1.616536998	-0.704730028	0.619896262	0.195363108	0.322224522	1.697120332	0.923055543	-0.358313528	0.45451733	-1.170380633	-0.35105981	-0.603470624	-0.603470624	0.933535639
-0.439462999	0.394875486	-0.892205847	-0.872103029	0.484942137	-0.216235289	1.044626445	-0.307908216	-0.188425032	0.813797671	-0.813797671	0.619896262	0.315058297	0.387522319	-0.619896262	-0.078412413	-0.872103029	0.704730028	-1.117953259
0.539308633	-0.823319923	-0.776421761	-0.037471962	-0.085246759	0.872103029	0.944119285	1.902810954	0.547203211	2.171527717	1.226239142	1.422465003	0.146974467	0.731172307	-0.424507616	-0.112627241	0.237202109	-0.133217035	0.462083086
-1.056453949	1.092857156	0.484942137	-0.776421761	-0.785662535	0.902393588	0.358313528	1.825439172	0.74010031	0.119484771	1.591873889	1.545263217	1.523165155	-0.722302208	-0.555132042	-1.318010897	0.687372812	0.098927729	0.209267873
-1.301946185	0.794970891	0.300773842	-0.954809756	1.286210621	2.249880663	-0.813797671	1.080563549	-0.272384894	-0.064754379	1.403975696	1.021399468	1.056453949	-0.731172307	-0.539308633	-1.301946185	0.358313528	0.272384894	1.591873889
0.51582268	0.112627241	-1.33442315	-0.628171949	0.064754379	0.670220259	1.021399468	0.43197323	-1.056453949	-0.322224522	-0.804348643	1.056453949	0.492617885	0.237202109	-0.547203211	0.010217413	-0.462083086	0.713488578	-0.91267586
-0.823319923	-1.240815502	-0.83291742	0.322224522	-0.300773842	0.265322712	1.009990169	-0.044289159	-1.642224543	-0.336607179	0.133217035	0.098927729	-0.133217035	0.976525035	-1.197842699	0.469675385	-1.385954264	-0.45451733	-0.944119285
0.424507616	-0.74010031	-0.315058297	-0.300773842	-1.009990169	0.628171949	1.385954264	-0.579132162	-0.085246759	-0.492617885	-0.794970891	0.336607179	1.669043821	-1.368372038	0.358313528	-1.286210621	-1.501786817	0.547203211	-0.852346618
-0.044289159	-1.009990169	-0.670220259	-1.757666049	0.785662535	2.104600628	-0.611662814	-0.071581727	-1.240815502	0.202310601	0.023842473	0.469675385	0.998710851	-0.954809756	0.216235289	1.240815502	-0.713488578	0.181496015	0.322224522
-0.731172307	-0.547203211	-0.852346618	0.003405752	-1.403975696	0.279460686	0.998710851	-0.372878156	-0.547203211	-0.126347925	1.143773961	0.523619123	0.842592259	-1.669043821	-0.146974467	-0.286550499	-0.823319923	-0.785662535	0.902393588
-0.965610478	0.057930049	-0.293654744	-0.209267873	0.336607179	1.255660378	-0.35105981	-0.394875486	0.300773842	-1.523165155	0.776421761	1.301946185	0.882109877	-0.265322712	-0.678771572	-0.51582268	-0.387522319	-1.092857156	1.143773961
0.462083086	0.722302208	1.368372038	-1.117953259	-0.112627241	0.687372812	0.071581727	0.91267586	1.441453795	0.587206217	2.998020796	0.044289159	-0.030656506	-0.098927729	1.48107362	-0.531447525	0.409646587	0.636490883	0.258273739
0.010217413	-0.595318735	1.993601218	-0.678771572	0.044289159	0.307908216	0.603470624	0.300773842	-1.403975696	-0.195363108	-0.078412413	-0.394875486	-0.251237576	-0.153863466	0.133217035	-0.704730028	-0.119484771	-0.653262666	-0.603470624
-0.619896262	1.068431117	0.998710851	-0.862182757	0.462083086	0.402250065	-0.555132042	-0.661717677	-0.987557182	-0.823319923	1.946202375	0.500322766	-0.037471962	0.167663737	-1.044626445	-0.300773842	-0.078412413	-1.056453949	-0.071581727
-0.678771572	0.365586148	0.202310601	0.417065588	-0.315058297	0.044289159	-0.322224522	0.7490877	-0.417065588	-0.842592259	-0.785662535	0.195363108	1.068431117	1.301946185	-1.184000049	0.794970891	1.009990169	0.402250065	0.167663737
-1.616536998	-0.767246816	-0.424507616	1.301946185	-0.731172307	-1.825439172	-1.545263217	0.216235289	-1.441453795	-0.547203211	0.892205847	-0.842592259	0.071581727	-0.387522319	-0.140092436	-1.270787244	2.468001988	0.251237576	-0.531447525
0.119484771	0.469675385	0.195363108	-0.216235289	-0.286550499	-0.758136008	-0.112627241	0.098927729	-0.976525035	0.160759774	1.726602201	1.226239142	0.119484771	-0.09208509	-0.279460686	-1.255660378	-0.09208509	-0.713488578	-0.696025208
1.255660378	0.785662535	-1.117953259	-0.315058297	0.003405752	0.223213218	-0.852346618	0.767246816	1.790524917	-0.010217413	-0.776421761	-1.368372038	-0.933535639	1.48107362	0.071581727	0.251237576	-1.545263217	0.43197323	1.460977052
0.133217035	0.758136008	0.852346618	0.017029548	0.446977502	0.300773842	-1.056453949	0.628171949	-0.43197323	-0.965610478	0.813797671	0.140092436	0.704730028	0.508057465	-0.167663737	1.523165155	1.092857156	0.057930049	0.965610478
0.380190046	1.545263217	-0.508057465	0.037471962	0.523619123	-0.181496015	0.842592259	2.645701413	0.237202109	-0.030656506	0.758136008	0.372878156	0.140092436	2.468001988	-0.976525035	0.174575701	0.315058297	1.080563549	0.74010031
1.726602201	1.156974916	1.351202935	1.726602201	0.539308633	-0.258273739	-0.037471962	0.965610478	-0.071581727	1.318010897	1.902810954	1.156974916	0.523619123	1.669043821	0.83291742	2.468001988	0.83291742	0.653262666	0.571095686
1.184000049	0.91267586	-1.130769373	-0.555132042	1.240815502	1.591873889	0.372878156	0.678771572	-0.653262666	1.021399468	1.669043821	0.462083086	0.713488578	-0.030656506	-0.365586148	2.249880663	0.704730028	1.156974916	2.345104662
1.460977052	-0.484942137	-0.336607179	-0.687372812	-1.790524917	0.057930049	-1.501786817	-0.037471962	0.181496015	0.531447525	1.211918765	1.068431117	-1.48107362	-1.351202935	0.91267586	-0.098927729	0.133217035	-2.104600628	-0.862182757
0.563095926	0.976525035	0.017029548	0.057930049	-0.251237576	-0.286550499	0.892205847	1.862731867	-0.882109877	0.402250065	1.056453949	0.244213829	-0.209267873	2.645701413	-0.469675385	2.345104662	1.825439172	0.872103029	-0.387522319
-0.09208509	0.6448541	-0.078412413	-1.211918765	-0.944119285	-0.965610478	1.080563549	0.017029548	0.119484771	-0.300773842	0.696025208	0.174575701	1.117953259	0.500322766	0.051108415	2.104600628	0.279460686	0.687372812	0.776421761
-1.726602201	1.080563549	1.105318189	-0.023842473	0.976525035	0.160759774	0.670220259	0.140092436	-2.045954276	-1.009990169	2.645701413	0.7490877	1.33442315	1.130769373	0.492617885	1.501786817	0.322224522	-0.555132042	-0.037471962
-0.174575701	0.523619123	1.143773961	-0.409646587	0.987557182	0.146974467	0.258273739	0.387522319	-0.862182757	-1.368372038	0.944119285	-0.500322766	-2.249880663	-0.202310601	0.902393588	-0.133217035	0.619896262	-1.441453795	-0.508057465
0.508057465	0.160759774	0.153863466	1.021399468	-0.133217035	1.143773961	0.244213829	1.368372038	0.230202032	2.645701413	0.794970891	2.645701413	-0.098927729	0.244213829	0.704730028	-1.240815502	1.143773961	1.021399468	1.993601218
0.882109877	-1.825439172	0.402250065	1.993601218	-0.188425032	0.251237576	0.402250065	-1.669043821	1.616536998	0.595318735	0.636490883	-0.83291742	0.402250065	-0.329407333	1.044626445	-0.813797671	-0.862182757	-1.616536998	0.813797671
-0.085246759	0.462083086	0.45451733	0.954809756	1.33442315	1.211918765	0.307908216	0.508057465	0.611662814	0.43197323	0.852346618	0.611662814	0.758136008	0.987557182	-1.117953259	-0.611662814	0.439462999	-0.195363108	1.790524917
-1.545263217	0.653262666	-0.571095686	-1.441453795	0.555132042	1.368372038	1.862731867	0.823319923	-0.098927729	-0.119484771	0.976525035	0.315058297	1.825439172	0.670220259	-0.804348643	-1.226239142	-0.030656506	-0.804348643	1.068431117
0.83291742	-0.112627241	-0.539308633	-0.51582268	-0.237202109	-0.409646587	1.117953259	-0.813797671	-0.776421761	0.146974467	-0.7490877	0.872103029	0.409646587	-1.385954264	0.731172307	-0.636490883	-0.023842473	0.230202032	-0.892205847
0.722302208	-1.33442315	-0.237202109	1.318010897	-0.579132162	1.092857156	1.33442315	0.112627241	-0.251237576	-2.171527717	-0.74010031	-0.704730028	-0.010217413	-1.197842699	-1.403975696	0.998710851	-1.642224543	-1.032943298	-1.368372038
-0.230202032	1.697120332	-1.351202935	-0.603470624	1.092857156	0.181496015	-1.48107362	0.531447525	0.944119285	0.112627241	0.508057465	-1.255660378	0.976525035	-0.237202109	-0.6448541	1.080563549	-0.010217413	0.531447525	-1.501786817
0.35105981	0.678771572	-0.307908216	0.188425032	-0.105775004	-1.545263217	1.616536998	0.119484771	-0.595318735	-0.272384894	-0.731172307	-0.785662535	0.023842473	0.051108415	-1.130769373	1.385954264	0.804348643	0.7490877	-0.722302208
-1.422465003	-0.195363108	0.823319923	-1.790524917	-0.484942137	-0.098927729	0.329407333	-2.104600628	0.619896262	-0.037471962	1.351202935	2.468001988	2.171527717	-1.902810954	0.030656506	-0.322224522	-1.591873889	-0.902393588	0.45451733
-0.300773842	-0.704730028	0.7490877	-0.902393588	-1.422465003	-1.240815502	-0.09208509	-0.731172307	-1.009990169	-0.670220259	0.902393588	-0.230202032	-1.092857156	-0.358313528	-0.508057465	0.91267586	-0.439462999	-2.249880663	-1.130769373
-1.044626445	0.017029548	0.336607179	-1.403975696	0.882109877	1.117953259	-0.933535639	0.051108415	-0.446977502	-0.230202032	0.83291742	0.112627241	0.587206217	0.477294855	-0.687372812	0.523619123	-0.126347925	-1.105318189	0.523619123
-0.153863466	-0.372878156	1.286210621	-0.987557182	0.078412413	0.91267586	-0.279460686	0.500322766	-0.202310601	-1.211918765	1.130769373	0.571095686	-1.318010897	-1.33442315	0.09208509	-1.197842699	-0.571095686	-2.468001988	-0.628171949
-0.892205847	-0.713488578	-1.068431117	-1.545263217	1.044626445	0.387522319	-0.758136008	0.329407333	0.085246759	-0.477294855	0.767246816	1.032943298	0.923055543	-0.892205847	-1.669043821	-1.184000049	-0.579132162	-0.315058297	1.726602201
-0.387522319	-1.270787244	0.09208509	-1.568142731	-0.023842473	-0.126347925	0.315058297	-1.351202935	0.628171949	-1.862731867	-0.722302208	-0.954809756	0.279460686	-1.080563549	0.064754379	-1.170380633	-0.678771572	-1.902810954	-2.645701413
0.547203211	0.209267873	0.508057465	0.251237576	0.892205847	1.726602201	-0.126347925	0.167663737	0.258273739	-2.249880663	-0.713488578	-0.181496015	0.571095686	0.394875486	-1.902810954	1.726602201	-0.852346618	-1.568142731	0.579132162
0.09208509	0.251237576	0.603470624	0.071581727	1.726602201	1.946202375	0.003405752	0.571095686	-0.785662535	-1.240815502	0.387522319	2.104600628	1.757666049	0.119484771	-0.071581727	-0.653262666	-0.223213218	-0.862182757	0.882109877
-1.240815502	0.09208509	0.776421761	0.595318735	0.492617885	1.422465003	-1.009990169	-0.160759774	0.555132042	-0.603470624	0.954809756	0.661717677	1.226239142	-0.272384894	-0.731172307	-0.555132042	-0.202310601	-1.318010897	0.91267586
-1.092857156	1.211918765	0.112627241	-0.258273739	0.237202109	0.017029548	1.240815502	0.804348643	-0.923055543	-0.998710851	1.368372038	0.776421761	1.790524917	0.713488578	0.670220259	-0.587206217	-0.7490877	1.009990169	1.351202935
-1.790524917	-0.6448541	-1.616536998	0.43197323	-1.351202935	-1.697120332	1.642224543	-1.170380633	-1.156974916	-1.460977052	-0.010217413	1.642224543	1.460977052	-0.882109877	1.032943298	0.133217035	-0.670220259	-0.078412413	0.731172307
-0.794970891	1.591873889	2.645701413	-0.83291742	-0.696025208	-1.068431117	0.563095926	0.251237576	0.167663737	-0.785662535	-0.704730028	-0.531447525	-1.080563549	0.181496015	0.45451733	0.057930049	1.460977052	-1.385954264	0.202310601
0.329407333	-0.315058297	-1.422465003	0.044289159	-0.387522319	-1.197842699	1.946202375	-0.794970891	-0.462083086	0.424507616	0.064754379	2.045954276	2.045954276	-1.286210621	1.460977052	-0.329407333	0.051108415	0.813797671	0.794970891
-0.43197323	1.044626445	-0.6448541	0.153863466	-0.872103029	-1.568142731	0.595318735	-0.387522319	-0.696025208	-0.523619123	-0.696025208	-0.571095686	1.156974916	0.587206217	-0.902393588	1.902810954	1.669043821	1.032943298	-0.409646587
1.351202935	0.882109877	-0.731172307	-0.140092436	-0.902393588	-1.270787244	0.251237576	0.439462999	-0.244213829	0.758136008	-0.687372812	1.368372038	0.944119285	-0.251237576	1.092857156	-0.336607179	1.902810954	1.642224543	0.661717677
1.032943298	1.862731867	0.160759774	1.197842699	0.017029548	-0.731172307	1.726602201	-0.244213829	-1.143773961	-0.696025208	-0.678771572	-2.171527717	-1.211918765	0.902393588	1.862731867	-0.713488578	-1.270787244	0.508057465	0.678771572
0.619896262	-0.119484771	1.460977052	0.223213218	-0.380190046	-2.345104662	-1.460977052	-0.882109877	0.409646587	-1.545263217	-0.670220259	0.813797671	-0.603470624	-0.216235289	-0.661717677	-0.571095686	0.933535639	1.501786817	0.153863466
-0.051108415	-0.402250065	0.492617885	-0.293654744	0.862182757	0.35105981	-0.484942137	-0.758136008	-0.409646587	-0.265322712	0.003405752	0.767246816	0.722302208	-0.181496015	0.74010031	-0.477294855	-0.140092436	0.146974467	0.923055543
-0.424507616	1.351202935	-0.862182757	-1.48107362	-0.523619123	0.167663737	-0.417065588	-0.653262666	2.468001988	-0.181496015	-0.661717677	-1.318010897	1.993601218	-1.184000049	2.249880663	0.307908216	-1.862731867	-1.946202375	-0.523619123
-0.358313528	-0.105775004	1.197842699	0.216235289	1.460977052	1.568142731	-0.653262666	1.460977052	0.380190046	-0.051108415	-0.653262666	0.563095926	0.387522319	0.336607179	0.484942137	-1.156974916	1.021399468	-0.424507616	2.104600628
0.223213218	-0.126347925	-0.51582268	-1.460977052	-1.092857156	-1.021399468	0.976525035	-1.757666049	0.140092436	-0.003405752	0.687372812	0.09208509	0.469675385	-1.642224543	-0.153863466	-1.143773961	-0.555132042	-0.579132162	1.523165155
0.300773842	-0.216235289	0.146974467	-0.244213829	0.037471962	-0.167663737	0.030656506	-0.492617885	-0.523619123	0.852346618	0.842592259	-0.085246759	-0.160759774	-0.547203211	-0.174575701	-0.167663737	0.160759774	-0.661717677	-0.343824517
-1.105318189	-0.462083086	1.240815502	0.882109877	0.105775004	-0.653262666	-0.987557182	-0.678771572	-1.545263217	-2.998020796	0.160759774	-0.758136008	-1.568142731	0.030656506	-2.998020796	0.417065588	-0.244213829	-1.301946185	-0.998710851
-0.023842473	-0.017029548	0.251237576	0.244213829	0.776421761	0.477294855	0.523619123	-0.279460686	-0.343824517	-0.571095686	-0.126347925	-0.678771572	-0.09208509	-0.394875486	-0.852346618	-1.130769373	0.794970891	1.616536998	0.595318735
0.6448541	-0.587206217	1.697120332	0.45451733	0.571095686	0.133217035	-0.372878156	-0.09208509	-1.862731867	0.174575701	0.286550499	-0.51582268	-0.587206217	-0.785662535	-0.563095926	-1.117953259	-0.767246816	-0.244213829	0.492617885
0.188425032	-0.160759774	0.587206217	0.098927729	0.611662814	0.439462999	-1.092857156	0.078412413	0.603470624	0.653262666	0.394875486	0.439462999	-0.329407333	0.882109877	-1.591873889	0.776421761	0.852346618	0.126347925	0.409646587
0.944119285	-0.064754379	-0.944119285	-1.501786817	-2.645701413	-1.726602201	1.368372038	0.044289159	1.545263217	1.757666049	-0.300773842	-1.044626445	0.394875486	-1.255660378	0.265322712	0.140092436	-0.944119285	-0.636490883	-0.365586148
0.813797671	-1.460977052	1.726602201	-1.226239142	-1.286210621	-0.696025208	-0.293654744	-1.993601218	0.424507616	0.230202032	2.345104662	-0.112627241	-0.500322766	-2.045954276	2.468001988	-0.776421761	-2.171527717	-2.345104662	1.616536998
-0.216235289	-0.336607179	-0.372878156	-1.056453949	-1.441453795	-1.616536998	0.954809756	-1.286210621	1.286210621	0.484942137	-0.6448541	0.358313528	2.468001988	-1.862731867	1.211918765	1.056453949	-0.587206217	0.767246816	-0.119484771
0.758136008	-0.358313528	0.417065588	0.365586148	2.249880663	0.731172307	0.017029548	-0.722302208	0.636490883	0.265322712	0.037471962	-0.539308633	-0.279460686	-0.704730028	0.571095686	-1.105318189	-0.315058297	0.976525035	0.704730028
-0.417065588	0.696025208	1.056453949	1.545263217	-0.051108415	-0.611662814	2.345104662	0.595318735	0.188425032	0.153863466	-0.636490883	-0.595318735	-1.255660378	-0.670220259	1.385954264	-1.092857156	0.587206217	0.933535639	-0.112627241
-0.539308633	-0.071581727	0.003405752	-0.188425032	-0.098927729	0.462083086	-0.098927729	-1.422465003	0.017029548	0.882109877	-0.628171949	0.976525035	2.345104662	-1.523165155	-0.057930049	-1.080563549	-0.758136008	0.112627241	1.117953259
-0.670220259	0.539308633	0.322224522	-0.804348643	0.804348643	0.587206217	0.424507616	0.230202032	-1.270787244	0.286550499	1.862731867	1.902810954	0.202310601	1.441453795	-0.409646587	-1.068431117	0.539308633	0.244213829	0.687372812
-1.130769373	1.301946185	2.345104662	-1.318010897	1.226239142	-0.037471962	0.51582268	1.143773961	-1.48107362	0.051108415	2.468001988	0.202310601	-0.998710851	0.547203211	0.776421761	-0.539308633	0.146974467	-0.322224522	-0.057930049
-0.078412413	0.293654744	0.051108415	-0.722302208	0.343824517	1.385954264	0.037471962	0.785662535	0.030656506	-0.704730028	-0.085246759	-0.119484771	0.244213829	0.628171949	-1.545263217	-1.056453949	-0.098927729	-0.265322712	0.944119285
-0.372878156	0.237202109	0.882109877	0.307908216	1.270787244	2.171527717	-0.365586148	0.484942137	0.174575701	0.417065588	1.568142731	0.91267586	1.021399468	0.358313528	-0.51582268	-1.044626445	0.500322766	-0.098927729	0.51582268
0.767246816	-1.032943298	0.571095686	0.51582268	-1.105318189	-0.923055543	0.852346618	1.616536998	1.946202375	1.441453795	-0.619896262	-0.555132042	-0.417065588	-0.293654744	1.184000049	-1.032943298	-0.661717677	-0.230202032	-2.249880663
-1.993601218	-0.439462999	0.6448541	-0.372878156	-0.43197323	1.184000049	0.223213218	-0.293654744	0.492617885	1.009990169	1.757666049	0.636490883	0.174575701	0.794970891	-1.021399468	-1.021399468	0.508057465	-0.017029548	1.545263217
-0.579132162	-0.678771572	0.539308633	-1.825439172	1.422465003	0.804348643	1.211918765	-0.902393588	-0.611662814	-1.422465003	-0.611662814	-0.91267586	-2.645701413	-0.508057465	-0.358313528	-0.731172307	-0.071581727	-0.372878156	-0.402250065
0.902393588	-0.329407333	-0.365586148	-0.713488578	1.184000049	1.669043821	-1.105318189	-1.33442315	0.776421761	-0.531447525	-0.603470624	0.417065588	1.368372038	-1.697120332	0.153863466	0.105775004	-0.6448541	-0.731172307	0.446977502
-1.255660378	0.300773842	0.965610478	1.211918765	0.085246759	-0.446977502	-1.068431117	-0.7490877	1.056453949	-0.402250065	0.244213829	0.892205847	0.209267873	-0.653262666	-0.258273739	0.933535639	0.965610478	0.469675385	0.037471962
2.045954276	-0.492617885	-0.343824517	-0.336607179	-0.003405752	-0.83291742	0.09208509	0.758136008	-0.380190046	0.329407333	-0.595318735	-0.372878156	-1.009990169	-1.616536998	0.636490883	-1.009990169	-0.492617885	-0.153863466	-1.021399468
-2.468001988	-0.258273739	-0.358313528	-0.484942137	0.508057465	-0.265322712	-1.301946185	-0.167663737	-1.697120332	-0.112627241	1.117953259	0.722302208	-0.51582268	1.184000049	-0.670220259	-0.469675385	0.044289159	-0.223213218	-0.09208509
-0.6448541	-0.923055543	1.523165155	0.555132042	1.697120332	1.351202935	0.500322766	-0.45451733	0.244213829	-0.307908216	1.993601218	-0.064754379	-0.387522319	0.064754379	-1.068431117	-0.998710851	0.078412413	-0.954809756	0.402250065
-0.862182757	-0.167663737	0.394875486	-0.539308633	0.923055543	0.258273739	-1.441453795	-1.021399468	-1.669043821	-2.104600628	-0.587206217	-1.642224543	-1.143773961	-1.044626445	-1.211918765	0.687372812	-1.092857156	-2.171527717	-1.616536998
0.670220259	-0.133217035	0.023842473	0.7490877	1.501786817	0.579132162	0.336607179	-0.91267586	-2.998020796	-0.587206217	-0.160759774	0.6448541	0.954809756	-0.571095686	0.181496015	-0.579132162	-0.105775004	-0.7490877	-1.197842699
0.611662814	1.143773961	-0.112627241	0.531447525	0.402250065	-0.539308633	-0.636490883	0.372878156	-0.195363108	-0.09208509	-0.216235289	0.051108415	1.697120332	-0.365586148	-1.240815502	-0.987557182	0.343824517	1.226239142	-0.358313528
-1.403975696	-0.037471962	0.500322766	0.933535639	0.258273739	-0.272384894	-1.080563549	0.244213829	0.539308633	-1.726602201	-0.579132162	0.628171949	-0.105775004	-0.477294855	-1.385954264	-0.976525035	0.244213829	-0.174575701	-0.619896262
1.946202375	-1.130769373	-0.722302208	0.539308633	-0.892205847	-0.628171949	-0.872103029	-0.83291742	-1.184000049	1.523165155	2.249880663	-1.862731867	-2.045954276	0.044289159	-0.044289159	0.085246759	-0.051108415	-1.523165155	-0.424507616
0.417065588	-1.080563549	0.469675385	0.35105981	-0.531447525	-1.523165155	-0.43197323	-0.315058297	0.023842473	-0.35105981	-0.571095686	1.946202375	0.579132162	-0.852346618	0.954809756	-0.965610478	-0.265322712	0.776421761	1.501786817
0.315058297	0.954809756	-0.813797671	2.104600628	0.965610478	0.619896262	0.611662814	1.130769373	0.462083086	-0.372878156	0.315058297	2.171527717	0.098927729	0.6448541	0.892205847	2.171527717	-0.417065588	2.249880663	0.223213218
-0.181496015	0.409646587	1.441453795	-0.202310601	1.946202375	2.345104662	0.785662535	-0.595318735	-0.424507616	-0.74010031	0.628171949	0.181496015	-0.051108415	0.286550499	-1.757666049	0.265322712	0.713488578	-0.823319923	1.211918765
-0.126347925	-0.030656506	0.216235289	0.010217413	-0.307908216	-0.469675385	0.902393588	-1.902810954	0.823319923	0.439462999	-0.174575701	1.255660378	1.184000049	-1.545263217	2.645701413	-0.954809756	-0.237202109	-0.105775004	1.092857156
0.776421761	-0.892205847	-1.568142731	0.195363108	-0.037471962	-0.424507616	0.174575701	1.056453949	-0.563095926	0.670220259	-0.365586148	0.037471962	-0.6448541	-0.286550499	0.037471962	-0.944119285	-0.181496015	0.539308633	-0.636490883
-0.251237576	-0.872103029	1.591873889	-0.636490883	-0.146974467	-0.91267586	-0.892205847	-1.143773961	1.143773961	-0.279460686	-0.057930049	0.085246759	0.051108415	-1.460977052	0.279460686	-0.619896262	-0.954809756	-0.003405752	0.670220259
1.270787244	-0.882109877	-0.258273739	-1.33442315	-1.156974916	-0.188425032	0.133217035	-0.462083086	0.523619123	0.696025208	-0.030656506	-0.636490883	-0.976525035	0.704730028	0.794970891	-0.030656506	-0.365586148	-0.91267586	-1.226239142
-0.119484771	0.372878156	-0.767246816	0.661717677	-0.998710851	-1.009990169	-1.422465003	1.117953259	-0.813797671	0.293654744	-0.563095926	0.713488578	0.767246816	0.523619123	-0.119484771	0.35105981	-1.48107362	0.071581727	0.265322712
-0.477294855	-0.579132162	0.91267586	0.785662535	0.307908216	0.358313528	-0.508057465	-1.117953259	-1.568142731	0.492617885	1.255660378	1.197842699	-1.523165155	-0.965610478	0.195363108	0.030656506	-0.74010031	-1.351202935	-0.272384894
-2.104600628	-0.223213218	-1.240815502	-0.402250065	0.051108415	-0.531447525	0.181496015	0.286550499	-0.678771572	-0.579132162	-0.555132042	0.265322712	1.403975696	0.216235289	-2.171527717	-0.933535639	0.098927729	1.301946185	0.804348643
1.697120332	-0.813797671	1.255660378	1.568142731	2.104600628	0.823319923	0.237202109	-0.696025208	0.105775004	-0.105775004	0.998710851	0.539308633	-0.315058297	-1.211918765	0.687372812	-0.387522319	-0.842592259	-0.892205847	1.902810954
-1.226239142	0.892205847	2.171527717	1.009990169	2.998020796	2.998020796	1.105318189	-1.501786817	-1.460977052	-0.409646587	1.170380633	-0.071581727	-0.439462999	-0.322224522	0.202310601	0.358313528	-0.230202032	-1.642224543	-1.170380633
0.023842473	0.446977502	-0.687372812	-2.171527717	-0.202310601	-0.237202109	-0.51582268	0.492617885	-0.286550499	-0.619896262	-0.539308633	0.965610478	0.7490877	-0.51582268	0.286550499	-0.923055543	0.670220259	0.051108415	-0.823319923
0.492617885	2.468001988	2.998020796	1.902810954	0.023842473	-0.500322766	1.993601218	0.209267873	-0.758136008	-0.286550499	0.933535639	-0.223213218	-2.998020796	-0.776421761	2.045954276	-0.902393588	-0.83291742	-0.6448541	-0.653262666
-0.776421761	0.731172307	-1.591873889	0.6448541	0.394875486	-0.380190046	1.568142731	-0.965610478	0.508057465	0.216235289	-0.044289159	-1.080563549	-0.372878156	1.568142731	0.579132162	1.105318189	-1.080563549	0.45451733	0.83291742
-1.825439172	-0.852346618	-0.563095926	-0.223213218	1.080563549	1.056453949	-0.272384894	-0.571095686	2.104600628	0.380190046	-0.523619123	-0.6448541	0.085246759	1.616536998	-0.944119285	-0.892205847	0.862182757	0.492617885	-0.51582268
-0.057930049	1.226239142	1.170380633	0.804348643	0.45451733	0.394875486	-1.184000049	2.249880663	-0.998710851	-0.43197323	-0.51582268	0.785662535	-0.862182757	1.226239142	0.003405752	0.83291742	2.249880663	-0.112627241	-0.300773842
-1.501786817	-0.051108415	-0.160759774	1.092857156	0.933535639	-0.112627241	-1.403975696	-0.611662814	-0.74010031	-1.032943298	-0.508057465	0.394875486	-0.852346618	1.105318189	-0.882109877	0.45451733	0.923055543	-1.669043821	-0.307908216
0.105775004	1.197842699	-0.794970891	0.402250065	0.188425032	-0.010217413	0.343824517	0.35105981	-2.345104662	-1.33442315	0.713488578	0.223213218	-0.794970891	1.117953259	-1.862731867	0.758136008	1.170380633	-0.343824517	-1.318010897
0.237202109	0.933535639	-0.085246759	0.272384894	0.216235289	0.09208509	-1.385954264	0.258273739	-0.439462999	-1.902810954	0.6448541	-0.258273739	-0.823319923	0.446977502	-1.568142731	-0.126347925	0.944119285	-1.044626445	-0.417065588
1.616536998	-0.003405752	0.653262666	0.140092436	0.43197323	-0.251237576	0.6448541	-1.825439172	-0.365586148	0.998710851	0.619896262	0.153863466	0.892205847	-1.591873889	-0.017029548	-0.09208509	-1.009990169	-0.998710851	-0.153863466
-0.713488578	0.35105981	0.133217035	1.143773961	1.130769373	1.156974916	0.098927729	-0.74010031	-0.965610478	-0.508057465	0.882109877	1.009990169	1.240815502	0.531447525	0.010217413	0.603470624	1.226239142	0.315058297	0.785662535
0.037471962	1.422465003	0.387522319	-0.842592259	-0.044289159	-0.704730028	-0.794970891	-0.446977502	-1.351202935	-1.351202935	0.603470624	0.74010031	-0.7490877	1.33442315	-1.501786817	1.130769373	0.394875486	-0.83291742	0.023842473
-1.318010897	0.713488578	0.037471962	-0.146974467	0.09208509	0.023842473	-0.265322712	1.790524917	0.057930049	-0.462083086	0.74010031	0.83291742	1.255660378	1.286210621	-0.595318735	-0.882109877	0.976525035	-0.43197323	-0.126347925
-0.902393588	0.987557182	1.226239142	-0.265322712	1.669043821	1.032943298	0.023842473	-0.286550499	-1.902810954	-0.882109877	-0.500322766	0.023842473	0.563095926	0.272384894	0.085246759	-0.722302208	-0.547203211	-0.842592259	-0.078412413
0.469675385	0.126347925	-0.804348643	-0.469675385	0.636490883	-0.174575701	-0.223213218	0.933535639	1.044626445	-0.188425032	0.307908216	-1.068431117	-0.923055543	-0.119484771	-0.523619123	-0.872103029	-0.057930049	1.130769373	-0.976525035
0.555132042	1.669043821	-0.595318735	1.130769373	0.286550499	0.547203211	0.547203211	-0.051108415	-0.619896262	-0.862182757	0.216235289	-0.380190046	1.545263217	1.092857156	-1.48107362	-0.595318735	1.117953259	0.563095926	0.365586148
-0.017029548	0.064754379	2.104600628	0.611662814	1.385954264	0.571095686	-0.628171949	-0.078412413	-0.140092436	-0.776421761	-0.071581727	-0.670220259	0.45451733	-0.402250065	-0.372878156	-0.696025208	-0.286550499	-0.167663737	0.508057465
1.117953259	-1.385954264	1.318010897	-2.045954276	0.209267873	0.636490883	-0.731172307	-0.670220259	1.697120332	0.078412413	-0.484942137	0.35105981	-1.902810954	-0.794970891	-0.010217413	-0.7490877	-0.484942137	-1.184000049	-0.43197323
0.202310601	-0.307908216	0.272384894	0.563095926	1.255660378	0.704730028	-0.051108415	-0.998710851	-0.181496015	1.568142731	0.653262666	1.48107362	0.462083086	-0.531447525	1.301946185	-0.417065588	-0.776421761	0.167663737	2.249880663
-1.385954264	0.862182757	0.902393588	-0.329407333	0.119484771	0.6448541	0.044289159	1.568142731	1.385954264	-0.023842473	0.523619123	-2.045954276	-2.104600628	0.555132042	-0.653262666	1.170380633	0.547203211	0.462083086	0.987557182
-0.265322712	2.998020796	1.790524917	1.48107362	1.105318189	-0.119484771	0.279460686	0.587206217	0.286550499	-0.954809756	0.531447525	0.484942137	0.965610478	0.823319923	-0.785662535	-0.852346618	1.591873889	1.255660378	0.500322766
-2.345104662	-0.842592259	0.126347925	-0.523619123	0.531447525	0.954809756	0.619896262	-1.156974916	0.09208509	-0.611662814	0.987557182	0.188425032	0.133217035	-0.6448541	-0.417065588	-0.140092436	-0.216235289	-0.776421761	1.48107362
0.209267873	0.492617885	-0.902393588	-0.767246816	0.653262666	1.441453795	0.365586148	-0.237202109	1.523165155	-0.892205847	-0.003405752	1.33442315	0.862182757	0.687372812	-0.078412413	-0.43197323	0.628171949	1.368372038	-0.223213218
0.439462999	0.767246816	-0.188425032	-0.251237576	-1.301946185	-2.171527717	-0.713488578	1.255660378	-0.358313528	-1.170380633	-0.469675385	-1.757666049	-0.380190046	0.595318735	-0.628171949	-0.265322712	0.872103029	0.119484771	-1.642224543
0.823319923	2.249880663	2.468001988	-0.500322766	0.704730028	0.329407333	0.587206217	1.009990169	-0.044289159	-0.237202109	-0.188425032	-0.902393588	-1.130769373	0.160759774	1.545263217	-0.785662535	0.216235289	-0.307908216	0.628171949
2.171527717	-0.293654744	0.619896262	-0.085246759	-0.619896262	-1.105318189	-0.258273739	-0.057930049	-0.852346618	-0.085246759	-0.462083086	-0.126347925	1.009990169	-0.636490883	0.500322766	-0.767246816	-0.380190046	0.209267873	-0.098927729
0.661717677	2.645701413	1.211918765	-0.508057465	0.998710851	0.882109877	0.119484771	2.104600628	0.446977502	0.611662814	-0.293654744	0.387522319	-1.993601218	0.91267586	0.523619123	0.167663737	0.636490883	2.468001988	0.976525035
0.852346618	0.45451733	0.722302208	1.117953259	0.722302208	0.696025208	1.318010897	1.351202935	1.156974916	1.545263217	-0.45451733	-0.619896262	-0.704730028	1.790524917	0.477294855	1.441453795	-0.085246759	1.993601218	0.587206217
0.365586148	-0.230202032	-0.230202032	-0.133217035	1.301946185	0.531447525	0.140092436	-0.402250065	-1.33442315	1.170380633	0.923055543	1.044626445	-0.987557182	1.009990169	-1.092857156	-0.842592259	0.579132162	-0.933535639	0.300773842
-0.998710851	-0.202310601	-1.156974916	0.653262666	0.315058297	0.409646587	0.872103029	0.555132042	-0.767246816	-0.83291742	0.7490877	1.591873889	0.358313528	1.044626445	-0.776421761	-0.83291742	1.044626445	-0.272384894	0.244213829
1.368372038	0.547203211	1.902810954	0.358313528	1.825439172	0.767246816	-0.678771572	0.469675385	-0.003405752	-1.757666049	-0.446977502	-1.403975696	-1.460977052	0.133217035	0.336607179	0.965610478	-0.563095926	-1.080563549	-0.279460686
-2.249880663	0.51582268	-0.209267873	-0.731172307	-0.258273739	-0.43197323	-1.318010897	0.057930049	-0.064754379	0.358313528	1.068431117	1.351202935	1.080563549	-0.051108415	0.230202032	0.862182757	0.402250065	0.579132162	0.272384894
0.195363108	-0.265322712	0.731172307	1.068431117	0.140092436	0.653262666	0.293654744	0.417065588	0.500322766	1.032943298	-0.439462999	1.105318189	0.307908216	-0.195363108	-1.009990169	-0.402250065	2.171527717	0.823319923	0.078412413
-1.170380633	-0.804348643	-0.555132042	-0.417065588	-0.842592259	-0.358313528	0.265322712	0.223213218	-0.872103029	1.669043821	1.156974916	1.385954264	-0.216235289	-0.619896262	0.933535639	-0.216235289	0.119484771	-0.181496015	-0.188425032
-1.270787244	1.270787244	0.380190046	1.669043821	1.056453949	1.902810954	0.387522319	1.270787244	0.7490877	-0.7490877	-0.133217035	0.064754379	0.003405752	1.946202375	-0.696025208	0.704730028	0.91267586	-0.35105981	1.226239142
-0.202310601	0.852346618	0.670220259	-0.394875486	-0.017029548	0.119484771	-0.195363108	-0.842592259	-0.794970891	-1.790524917	0.731172307	-0.477294855	-0.678771572	-0.343824517	-0.492617885	-0.563095926	0.446977502	-1.501786817	-0.195363108
0.976525035	-1.642224543	-1.211918765	-0.619896262	-2.249880663	-0.892205847	-1.368372038	1.441453795	-0.804348643	-0.902393588	1.184000049	0.902393588	0.6448541	-1.501786817	0.209267873	-0.823319923	0.785662535	0.195363108	-2.998020796
