-0.665596672
1.315896997
1.401723828
-0.258633067
0.305957259
0.93173417
-0.171353802
0.446371663
-0.815185762
-0.694245369
-0.83113797
-0.555970104
2.177028272
-0.360035131
2.706350469
-1.226648722
-0.768522429
-0.985735267
0.503642713
0.217698029
-1.289342875
0.223522014
1.635039267
1.465233793
0.366106357
-0.154074467
-0.738324206
0.807287032
-1.276400275
0.200269466
0.609866699
0.723475575
2.411822296
2.318757971
-0.182901529
-0.085363023
1.179761118
-0.022737816
-0.415187655
0.051178011
0.67985127
1.168437377
-0.028423649
-0.651476055
0.182901529
1.781505348
-0.84730454
-2.242279549
0.402827907
0.288136008
-0.880322167
-1.302505134
0.07965967
-3.05274655
0.270405808
0.651476055
1.329529107
0.235192977
-0.300006319
-0.760908003
0.484377598
-1.329529107
0.096778253
0.644464337
1.432756497
0.252760213
-0.440101017
0.341899795
0.529625109
-0.497200571
-0.194473698
-0.490778997
1.251137397
-0.217698029
0.0625644
-0.246896065
0.760908003
-0.708784771
1.386701248
-0.177124713
-0.0625644
-0.200269466
-1.072608717
0.085363023
-0.75333744
-1.386701248
-2.706350469
-0.637484161
1.263668025
-1.082767657
0.384402332
-0.630534908
-2.177028272
0.497200571
-1.179761118
-1.432756497
-0.644464337
0.317891957
-0.701496533
1.840058582
-1.062559285
0.415187655
0.54934831
-0.582706788
0.922996421
0.791638608
-0.623615972
0.017052719
0.74580981
0.995017216
0.360035131
1.062559285
-0.288136008
0.188684455
-0.096778253
-0.74580981
0.465290613
0.068260545
0.897195675
0.390529393
-0.589455798
-0.93173417
-0.863695653
-1.465233793
-0.131105804
0.665596672
0.329872109
-0.27630616
0.347932128
-0.616726762
0.20607197
0.976537476
-0.791638608
-0.241040394
-0.039798254
-0.136841016
1.905698436
-1.840058582
-0.823135683
-0.958385348
-1.157261513
0.687030526
0.294065984
-0.536176266
-0.940543641
1.871870731
-0.687030526
-1.191238191
-0.776181677
-2.022895717
-1.613776269
0.880322167
0.658519951
0.569287575
-0.516590317
-0.871978779
0.022737816
0.83113797
0.323876223
0.028423649
3.05274655
-0.569287575
-0.329872109
0.119648113
-1.103428168
1.448804129
-1.573313441
1.657068292
0.555970104
-1.754381966
-1.343412869
-1.517059348
0.914328579
1.157261513
-0.783886732
-0.005683995
-0.270405808
0.282216147
0.171353802
0.142580733
0.694245369
-0.723475575
-0.282216147
1.023392193
-0.596231765
1.517059348
0.113925246
0
-0.542750517
0.335879878
0.768522429
-0.056870284
1.124570748
-0.433847628
0.562616366
0.815185762
1.554012622
1.613776269
1.004385692
0.27630616
0.241040394
-0.378289669
0.408999971
0.905728894
2.242279549
1.072608717
-0.317891957
-0.54934831
0.949426716
-0.390529393
-0.113925246
0.536176266
0.596231765
1.135332983
0.637484161
0.477995987
1.357560529
0.783886732
0.589455798
0.246896065
-0.366106357
0.353977148
0.108206108
0.458966109
1.191238191
-0.402827907
0.516590317
-0.102490508
-0.305957259
1.482068778
0.616726762
1.703709491
0.716110854
1.980752397
0.84730454
0.136841016
1.754381966
0.623615972
0.958385348
-0.347932128
1.289342875
2.119910361
0.005683995
0.258633067
1.042775774
-1.042775774
-0.458966109
-1.113937215
-0.914328579
-0.091069155
1.343412869
-0.14832515
-0.051178011
0.039798254
0.510105825
-1.013843161
-1.135332983
-1.593218818
0.701496533
-1.535273937
-2.411822296
0.888727292
0.159828881
-1.357560529
0.0341104
-1.124570748
0.863695653
-0.995017216
-0.905728894
0.165588592
1.202874361
-1.202874361
1.214675721
-1.448804129
0.22935359
-0.672706885
0.855471367
0.14832515
-0.294065984
-1.023392193
0.452659911
0.672706885
-0.20607197
-0.073958906
-0.949426716
0.823135683
-0.353977148
-0.045487396
1.033035466
0.421391277
-0.471633783
-1.093039591
-0.529625109
-2.318757971
0.102490508
1.810006465
0.542750517
0.264514855
0.523096603
-0.603035218
-2.068971589
-0.011368174
-1.657068292
0.300006319
-0.799438349
-1.67993213
-2.532109172
0.194473698
-1.004385692
0.738324206
-0.427611159
-0.807287032
-1.315896997
-0.159828881
0.440101017
-0.119648113
-0.888727292
0.967421566
1.417069581
-0.897195675
-0.716110854
-0.323876223
-0.609866699
0.985735267
1.103428168
1.113937215
