0.142094136
1.122216862
0.204399359
-0.0803362
0.724226725
1.767092096
1.379929715
1.610243846
0.165979278
-0.755258053
0.894605302
1.277270991
0.699895661
0.664154647
1.167675078
0.459394307
0.572689437
0.545096162
1.367799754
0.718104214
2.144222465
0.967421566
0.047223351
-1.045767153
0.774230107
0.65242926
-0.194768239
1.392266183
-1.158391438
-1.131121951
-1.005822542
-0.267509095
-0.35674782
1.332566211
1.321182026
0.070867983
2.058438881
2.478795829
2.767447322
3.108053588
2.19381673
2.596561824
0.267509095
-1.186550688
-0.292054674
0.089811623
0.185155152
0.658280641
0.793485023
-0.351721572
2.313127487
-0.170767252
-1.471178175
-0.85311238
-0.52873857
-0.539627626
-0.68788465
0.123044875
-0.583848813
0.930396703
1.514324716
-0.165979278
-1.723789988
-0.142094136
0.742759799
-0.397296571
-2.478795829
1.070556004
-2.020664559
-0.051949743
1.215683633
-0.331703716
-1.062220505
-0.866777322
0.675972066
0.151637705
-0.277307168
-0.967421566
-2.058438881
-0.629242655
1.430608769
0.62349896
-0.534175181
0.243123658
0.26261973
0.561600929
-0.218881964
0.2969845
-0.085072957
1.158391438
1.985570999
0.43850955
-0.640792894
0.061406116
-1.122216862
-0.06613631
-1.256210811
1.245886611
-0.480481405
0.469911736
-0.464646597
-0.806486593
-0.67005166
-1.610243846
0.806486593
1.045767153
-0.26261973
-0.62349896
0.392193489
-0.578260124
1.355867773
-0.127802736
-1.113399888
-0.730376506
-1.813986207
-1.392266183
1.344125766
-1.087454134
-0.037773625
-0.371881382
-0.433318462
-0.287131937
1.443868764
-0.047223351
-0.982608059
-1.167675078
-0.376944717
0.68788465
0.412668726
-0.243123658
-0.572689437
0.880606067
-0.693877643
0.306865978
-1.576643448
-0.185155152
0.681916262
-1.215683633
1.149206576
-0.78703433
-1.096020782
0.028327271
0.512521249
-1.86524627
-0.736554034
1.196149002
-1.839012341
0.937698749
0.056677296
-0.402410019
-1.48525435
-0.742759799
-1.790047176
0.161195105
0.982608059
-0.25285968
-0.724226725
-2.387808898
-1.544734294
-0.646600133
-1.745032084
-0.908782094
-0.780616221
0.730376506
-1.952764915
-0.974986705
-0.491105028
-0.238264333
0.491105028
0.67005166
-0.664154647
-1.225627238
-1.499631123
-0.998024621
-0.228562415
0.287131937
0.635007185
0.06613631
-3.108053588
-0.382017734
-0.018883444
-0.556082547
-1.245886611
-1.664336522
0.004720598
-0.070867983
0.199581485
-0.705939135
0.61777576
1.892830498
0.382017734
-1.921935009
-0.223719569
-0.507145502
-1.627748831
0.127802736
-1.443868764
0.859924779
-0.257736636
-1.645767305
-0.2969845
-1.457387607
0.50178437
-0.567136467
-1.298913446
0.104040162
1.593218818
0.366827564
-0.422971049
0.767875414
1.404818254
0.693877643
-0.33669542
-1.892830498
-0.930396703
-0.233410628
-0.247988731
0.507145502
1.288016806
0.118289797
1.576643448
-0.272404862
0.351721572
-1.593218818
-0.839604913
0.25285968
1.037645711
1.745032084
-2.596561824
-0.346704194
0.523317542
1.664336522
-0.813038723
-0.03305008
0.180355072
0.428139025
-0.589455798
-0.901671045
-0.042498014
1.309966537
-0.056677296
0.108787551
0.282216147
-0.089811623
0
0.52873857
0.051949743
0.998024621
-0.146864249
0.45415466
0.583848813
0.755258053
-0.459394307
-0.175559145
0.589455798
0.042498014
-0.180355072
0.214049476
-1.529352729
0.257736636
0.433318462
0.209221982
-0.61777576
0.321744911
-0.512521249
0.233410628
0.218881964
0.247988731
1.177060462
1.839012341
1.921935009
1.645767305
2.099401254
1.078966557
-0.819625945
-2.24947787
1.053958164
0.646600133
-0.826248925
0.146864249
0.037773625
0.567136467
-1.514324716
-0.443712481
1.005822542
0.397296571
0.023605095
0.51791185
-0.023605095
0.60072585
1.499631123
-0.123044875
0.387100601
1.205858798
0.223719569
0.238264333
-1.367799754
0.539627626
1.790047176
-0.214049476
-1.277270991
0.316777511
0.612072725
1.113399888
-0.87367081
0.85311238
-0.894605302
0.813038723
0.175559145
1.225627238
-0.361783097
0.341695528
-0.199581485
0.422971049
1.48525435
-1.266670675
-0.094552307
0.846339344
-1.140117653
-0.635007185
0.819625945
-1.02959214
0.712008503
-0.099295118
1.186550688
1.256210811
0.311817916
1.952764915
1.266670675
0.974986705
-2.313127487
1.560490269
-0.699895661
-0.448927451
-0.561600929
-1.205858798
-0.915939397
-0.990286919
-0.945051139
1.457387607
-1.683498035
-0.407534012
0.009441301
0.228562415
1.529352729
0.292054674
-0.545096162
-1.078966557
0.839604913
0.799968905
1.096020782
-0.417814344
0.407534012
-0.326720263
1.235693527
-0.959911393
-1.037645711
1.703298394
-0.075601244
-1.321182026
-0.937698749
0.923143931
-0.923143931
-1.417595649
0.075601244
1.683498035
