-0.616726762
0.67985127
-0.637484161
-0.440101017
-0.922996421
0.136841016
1.052616031
0.415187655
-0.75333744
-1.062559285
-0.863695653
-0.017052719
-0.366106357
-1.535273937
-0.562616366
-0.596231765
-1.082767657
0.694245369
0.096778253
-0.241040394
-1.517059348
-1.329529107
-0.317891957
-0.905728894
0.194473698
-1.302505134
-0.542750517
-1.573313441
-1.417069581
-0.056870284
-0.068260545
-0.0625644
-0.490778997
-0.378289669
-0.569287575
-0.575984216
0.651476055
-0.839193839
0.288136008
-1.042775774
1.94185881
0.84730454
0.045487396
0.985735267
0.421391277
0.516590317
1.980752397
0.723475575
1.905698436
1.840058582
0.366106357
0.555970104
-0.270405808
0.119648113
-1.980752397
0.807287032
1.754381966
1.238800196
-0.091069155
-0.194473698
0.165588592
-0.39667115
1.113937215
0.582706788
-1.554012622
1.033035466
0.616726762
-0.433847628
0.880322167
0.317891957
0.823135683
-0.415187655
0.465290613
-0.940543641
0.967421566
0.768522429
1.251137397
0.113925246
-1.781505348
-0.516590317
-1.226648722
0.760908003
0.914328579
0.011368174
0.575984216
0.440101017
1.343412869
0.958385348
1.67993213
0.730879747
1.093039591
1.781505348
0.791638608
0.427611159
0.241040394
0.897195675
0.74580981
1.302505134
0.282216147
-1.905698436
0.390529393
0.523096603
0.490778997
1.432756497
0.596231765
2.242279549
1.535273937
0.22935359
0.051178011
2.119910361
0.922996421
2.318757971
-0.300006319
0.569287575
-1.113937215
0.14832515
1.657068292
1.703709491
-0.738324206
0.536176266
-0.305957259
1.465233793
1.042775774
1.013843161
0.93173417
1.263668025
2.068971589
0.497200571
0.783886732
-0.823135683
3.05274655
-2.532109172
0.252760213
-1.263668025
0.905728894
1.202874361
1.728491036
0.630534908
0.108206108
0.217698029
-0.246896065
-0.142580733
0.402827907
-0.807287032
0.360035131
-1.657068292
0.028423649
-0.323876223
-0.125374901
-1.728491036
-1.371985258
-0.421391277
-0.582706788
0.223522014
1.124570748
0.446371663
1.593218818
1.214675721
-0.102490508
2.706350469
-0.311919055
2.177028272
-0.658519951
1.168437377
1.329529107
1.157261513
-2.022895717
0.510105825
0.54934831
1.023392193
0.888727292
-0.644464337
0.815185762
0.258633067
1.573313441
0.378289669
0.305957259
-1.103428168
0.131105804
-1.013843161
0.855471367
1.315896997
-0.768522429
0.484377598
-0.353977148
-1.214675721
0.372191107
-1.14622835
-0.177124713
-0.282216147
0.022737816
-0.791638608
-0.477995987
0.949426716
-0.045487396
1.417069581
-0.20607197
-0.54934831
-0.589455798
0.0341104
-0.22935359
-0.294065984
-0.154074467
-0.372191107
-0.503642713
-0.914328579
-0.623615972
-0.523096603
0.353977148
0.341899795
-0.716110854
0.995017216
-0.949426716
0.154074467
-0.011368174
0.171353802
-0.119648113
-0.497200571
-0.223522014
-0.723475575
0.235192977
-0.871978779
-0.039798254
-1.023392193
-0.171353802
0.623615972
-0.264514855
0.329872109
-0.760908003
0.200269466
-0.630534908
-0.555970104
-1.135332983
-0.113925246
0.323876223
0.102490508
-0.14832515
-0.536176266
-0.458966109
-1.315896997
-0.136841016
0.085363023
-0.085363023
0.264514855
0.799438349
-1.810006465
-0.93173417
1.448804129
-0.108206108
-0.347932128
-1.202874361
-0.783886732
-1.052616031
-1.157261513
-0.976537476
-1.238800196
-0.288136008
-0.687030526
-0.0341104
-0.051178011
-2.177028272
-0.329872109
-0.651476055
-1.871870731
-2.706350469
0.0625644
-1.49933461
0
-1.093039591
-1.072608717
0.458966109
-0.665596672
-0.672706885
1.135332983
-1.357560529
-0.74580981
-0.708784771
0.863695653
-0.427611159
-3.05274655
-2.242279549
-0.958385348
-0.484377598
-2.318757971
0.311919055
2.411822296
-1.448804129
-1.033035466
-0.446371663
-0.159828881
-1.432756497
-1.343412869
-0.131105804
-0.985735267
-0.603035218
1.062559285
0.335879878
0.073958906
-0.335879878
-0.200269466
0.39667115
-1.124570748
-1.401723828
-0.182901529
-1.482068778
0.471633783
0.091069155
-2.119910361
-0.188684455
-1.840058582
-1.94185881
-0.402827907
-1.613776269
-0.799438349
-0.83113797
0.452659911
-1.67993213
0.142580733
-1.179761118
-1.703709491
-0.452659911
-1.168437377
-1.289342875
-0.529625109
0.603035218
0.005683995
