-0.270405808
-0.311919055
1.554012622
0.84730454
0.888727292
1.754381966
-0.440101017
0.738324206
0.241040394
0.967421566
-0.630534908
0.871978779
2.119910361
0.096778253
1.635039267
-0.223522014
-1.113937215
0.270405808
1.535273937
0.701496533
0.366106357
0.67985127
1.573313441
1.202874361
0.83113797
-1.554012622
-0.665596672
-0.136841016
-3.05274655
0.555970104
0.171353802
1.343412869
1.082767657
1.276400275
-0.056870284
-0.415187655
-0.039798254
-0.282216147
0.0625644
1.386701248
-0.171353802
1.465233793
0.694245369
-0.317891957
0.085363023
0.39667115
-2.318757971
-1.168437377
-0.855471367
-0.119648113
-0.967421566
-0.217698029
0.529625109
-0.807287032
-0.0341104
0.246896065
0.113925246
-0.768522429
-1.781505348
-1.905698436
-0.427611159
-1.013843161
-0.888727292
-0.644464337
1.124570748
-0.75333744
0.562616366
0.716110854
-0.863695653
0.708784771
-0.051178011
-0.182901529
1.517059348
0.056870284
-0.246896065
-0.288136008
-0.596231765
-0.235192977
0.051178011
-0.341899795
-1.343412869
-1.613776269
-0.07965967
-2.411822296
-0.022737816
-0.84730454
-0.200269466
-1.072608717
0.75333744
-0.637484161
-0.815185762
-0.958385348
-1.251137397
0.440101017
-1.082767657
-1.329529107
-0.914328579
0.217698029
-1.49933461
0.258633067
-1.202874361
0.108206108
-0.839193839
-0.14832515
-2.068971589
0.596231765
-1.371985258
-0.694245369
-0.985735267
0.20607197
0.427611159
-0.465290613
-1.226648722
-1.535273937
-0.510105825
-0.575984216
0.93173417
0.985735267
0.017052719
0.294065984
0.14832515
-1.482068778
-0.708784771
-0.458966109
-0.433847628
-0.995017216
-0.74580981
-0.716110854
-0.108206108
0.402827907
-1.157261513
-0.67985127
-0.384402332
-0.068260545
-0.823135683
-1.432756497
1.417069581
-1.417069581
-0.421391277
-0.760908003
-1.573313441
-0.672706885
0.188684455
0.235192977
-1.593218818
0.497200571
-0.335879878
-1.135332983
0.335879878
-1.448804129
-1.214675721
1.67993213
0.045487396
-0.446371663
-0.54934831
-1.093039591
-0.452659911
0.672706885
-0.20607197
-0.83113797
1.14622835
-0.730879747
-0.091069155
0.282216147
-0.589455798
0.542750517
-1.94185881
-0.603035218
0.194473698
-0.976537476
-0.154074467
-0.723475575
-0.005683995
0.523096603
-1.14622835
-1.302505134
-0.922996421
-0.323876223
-0.651476055
-0.017052719
-0.623615972
1.052616031
0.503642713
1.135332983
-0.93173417
1.980752397
1.042775774
0.768522429
0.465290613
-0.616726762
0.995017216
0.949426716
1.613776269
0.131105804
0.305957259
0.783886732
0.914328579
0.658519951
0.341899795
-0.555970104
-0.142580733
0.07965967
0.74580981
0.421391277
0.484377598
1.072608717
-0.390529393
0.616726762
0.022737816
-0.22935359
0.384402332
0.458966109
0.288136008
0.799438349
2.706350469
0.490778997
0.760908003
1.023392193
1.013843161
0.791638608
1.214675721
-1.980752397
0.644464337
-1.871870731
0.073958906
-0.776181677
-0.408999971
-0.0625644
-0.582706788
0.905728894
-0.102490508
2.022895717
-0.21188142
1.113937215
-0.516590317
0.159828881
1.226648722
0.776181677
0.630534908
0.177124713
0.880322167
0.723475575
0.651476055
0.200269466
-0.045487396
-1.810006465
-1.465233793
0.510105825
0.623615972
0.22935359
1.302505134
0.446371663
-0.073958906
0.637484161
0.589455798
-1.004385692
1.448804129
-0.609866699
1.871870731
-0.738324206
-0.085363023
1.657068292
1.432756497
-0.131105804
0.323876223
-0.378289669
1.315896997
-0.177124713
-1.386701248
-1.728491036
-0.503642713
-0.165588592
1.781505348
-0.294065984
-0.258633067
0.569287575
1.251137397
0.27630616
2.068971589
-0.125374901
0.516590317
0.264514855
0.223522014
0.471633783
-1.042775774
-2.532109172
1.371985258
-0.542750517
1.840058582
0.823135683
0.154074467
0.252760213
-0.523096603
-1.238800196
0.922996421
2.532109172
1.357560529
0.536176266
0.815185762
0.665596672
0.940543641
0.329872109
-0.300006319
-1.67993213
0.125374901
0.039798254
-0.569287575
0.068260545
0.897195675
0.136841016
0.687030526
-1.103428168
0.609866699
-0.113925246
0.408999971
0.102490508
-0.791638608
2.411822296
0.005683995
-0.799438349
0.730879747
0.360035131
0.317891957
0.091069155
0.54934831
1.94185881
