-0.243123658
1.078966557
0.023605095
0.170767252
1.131121951
2.767447322
2.478795829
1.86524627
1.627748831
-1.078966557
0.43850955
0.402410019
-0.292054674
1.205858798
1.392266183
-0.306865978
0.371881382
0.65242926
-0.047223351
0.583848813
1.235693527
1.062220505
-0.326720263
-1.499631123
0.85311238
0.718104214
0.061406116
2.596561824
-1.529352729
-0.480481405
-0.33669542
-0.277307168
-0.736554034
0.959911393
-0.417814344
-0.67005166
0.014162215
0.233410628
0.736554034
0.485786363
-0.023605095
0.287131937
-0.826248925
-0.846339344
1.367799754
-0.2969845
0.894605302
-0.646600133
1.298913446
0.392193489
1.892830498
0.218881964
-1.471178175
-1.205858798
-0.194768239
-0.272404862
0.539627626
0.561600929
-0.189959501
0.832908347
1.683498035
-0.014162215
-0.612072725
1.0216048
0.496437621
0.469911736
-1.921935009
1.266670675
-1.790047176
-0.185155152
0.693877643
-0.485786363
-1.610243846
-0.967421566
1.096020782
0.780616221
0.26261973
-1.158391438
-1.813986207
-1.070556004
2.058438881
0.491105028
-0.712008503
0.311817916
0.267509095
1.745032084
0.397296571
-0.793485023
-1.104668629
1.767092096
2.24947787
1.921935009
0.132563492
0.475189935
-0.475189935
-0.26261973
-0.331703716
0.87367081
1.070556004
0.699895661
-0.51791185
1.005822542
-1.0216048
-0.469911736
0.974986705
0.238264333
-0.45415466
-0.806486593
-0.180355072
-0.267509095
1.355867773
-1.149206576
-0.839604913
-0.443712481
-1.235693527
-1.723789988
1.499631123
-1.367799754
-0.539627626
0
0.272404862
-0.78703433
1.430608769
0.428139025
-0.724226725
-1.560490269
-0.321744911
1.379929715
0.137327255
-0.042498014
-1.122216862
0.417814344
-0.583848813
0.376944717
-1.256210811
-0.448927451
0.142094136
-0.832908347
1.196149002
-1.096020782
-0.761551579
0.2969845
0.25285968
-0.998024621
-0.0803362
0.915939397
-1.417595649
2.387808898
-0.099295118
1.053958164
-0.422971049
-1.355867773
-1.544734294
-0.228562415
0.161195105
-0.214049476
0.507145502
-1.892830498
-0.550581047
-0.589455798
-1.664336522
-0.428139025
-1.01368211
0.199581485
-1.457387607
-1.186550688
-0.819625945
1.01368211
0.68788465
-0.037773625
-0.640792894
-1.309966537
-0.930396703
-1.037645711
-0.606389528
0.108787551
1.544734294
0.35674782
-1.86524627
-0.397296571
-0.094552307
0.45415466
-0.923143931
-1.645767305
-0.108787551
-0.534175181
0.277307168
-0.952454975
0.118289797
1.703298394
0.945051139
-1.48525435
-0.123044875
-0.118289797
-1.344125766
0.243123658
-0.545096162
1.332566211
-0.075601244
-1.514324716
-0.170767252
-0.945051139
1.344125766
0.512521249
-1.177060462
-0.578260124
1.457387607
0.123044875
-0.681916262
0.887583941
2.19381673
1.610243846
-0.392193489
-2.24947787
-0.361783097
0.180355072
0.755258053
1.122216862
1.177060462
0.664154647
1.985570999
-0.887583941
-0.50178437
-1.985570999
-1.005822542
1.309966537
1.158391438
1.645767305
-3.108053588
-0.658280641
-0.161195105
1.664336522
-1.443868764
-0.572689437
0.387100601
0.937698749
-1.062220505
-1.952764915
-0.730376506
0.774230107
-0.496437621
-0.218881964
-0.491105028
-0.629242655
-0.06613631
1.245886611
-0.387100601
0.799968905
0.037773625
0.042498014
0.292054674
-0.341695528
-0.382017734
-0.104040162
0.742759799
-0.376944717
-0.567136467
0.550581047
-2.313127487
0.214049476
-0.62349896
-0.61777576
-1.430608769
0.748994301
-1.053958164
-0.371881382
0.422971049
0.556082547
-0.018883444
0.028327271
0.282216147
0.06613631
-0.156414619
0.382017734
-0.780616221
-2.596561824
1.140117653
1.037645711
-0.87367081
-0.113537393
0.247988731
0.761551579
-1.266670675
1.813986207
0.767875414
0.056677296
-0.089811623
0.189959501
-0.132563492
1.514324716
0.908782094
1.790047176
0.459394307
1.593218818
-0.009441301
0.534175181
-1.298913446
1.149206576
1.576643448
-0.43850955
-0.693877643
0.146864249
-0.070867983
-0.512521249
-0.705939135
0.433318462
-0.433318462
0.346704194
-0.523317542
1.560490269
2.020664559
3.108053588
-0.60072585
1.215683633
-0.257736636
-2.387808898
1.087454134
0.923143931
-0.748994301
-0.813038723
1.417595649
-1.703298394
-0.028327271
0.089811623
-0.311817916
-0.085072957
-0.767875414
0.351721572
-0.204399359
0.051949743
-1.839012341
1.167675078
0.104040162
-0.199581485
-0.316777511
-1.379929715
-1.087454134
-1.245886611
-0.915939397
0.982608059
-1.167675078
-0.238264333
-0.165979278
0.712008503
1.952764915
0.03305008
-0.233410628
-1.113399888
0.62349896
0.185155152
0.705939135
0.50178437
0.846339344
0.78703433
1.186550688
-1.131121951
-1.288016806
2.099401254
-0.151637705
-1.404818254
-1.321182026
0.813038723
-1.215683633
-1.332566211
0.51791185
2.313127487
