0.61777576
-0.2969845
0.142094136
-0.52873857
-0.287131937
0.047223351
-1.053958164
-0.170767252
-1.560490269
0.65242926
0.826248925
1.277270991
1.499631123
-0.799968905
-0.341695528
1.256210811
-0.132563492
-0.142094136
1.529352729
0.118289797
1.332566211
-0.189959501
0.730376506
0.908782094
0.023605095
-0.089811623
-0.512521249
-0.974986705
0.880606067
0.277307168
-0.282216147
0.0803362
0.287131937
0.646600133
1.952764915
1.392266183
2.19381673
2.596561824
2.767447322
3.108053588
2.478795829
2.313127487
1.683498035
0.635007185
-2.144222465
1.355867773
-0.718104214
1.664336522
-0.85311238
-1.078966557
0.937698749
-0.712008503
0.056677296
0.612072725
-0.959911393
-0.819625945
-1.576643448
-0.397296571
-1.131121951
0.127802736
-1.0216048
0.014162215
-0.113537393
-1.921935009
0.247988731
-1.277270991
-0.629242655
-0.402410019
-0.755258053
0.085072957
0.658280641
0.089811623
1.235693527
-0.018883444
-0.681916262
-0.43850955
-0.945051139
-0.146864249
-0.736554034
0.185155152
-1.062220505
0.257736636
0.292054674
0.099295118
-0.009441301
-1.645767305
-0.990286919
1.344125766
1.703298394
-0.901671045
0.146864249
-1.723789988
-1.610243846
-0.459394307
1.131121951
-0.042498014
-1.215683633
0.901671045
-2.596561824
-0.412668726
-0.127802736
-2.058438881
0.813038723
-0.51791185
-0.075601244
1.196149002
0.326720263
-0.014162215
0.915939397
-0.699895661
-0.228562415
1.767092096
0.998024621
-0.247988731
-0.915939397
1.096020782
-0.443712481
-0.78703433
1.158391438
-0.730376506
-1.367799754
1.053958164
0.094552307
-0.545096162
0.839604913
0.556082547
-0.156414619
-1.113399888
0.331703716
-0.243123658
1.02959214
0.846339344
-0.839604913
-0.118289797
-1.005822542
0.866777322
0.819625945
0.361783097
-0.209221982
0.681916262
-0.923143931
-0.175559145
0.459394307
-1.952764915
-1.379929715
0.491105028
-1.417595649
-1.664336522
0.26261973
-2.387808898
-1.767092096
1.01368211
-0.62349896
0.469911736
1.186550688
-0.094552307
-1.985570999
-0.301921554
0.170767252
-0.35674782
-0.085072957
-1.790047176
0.366827564
0.990286919
-0.292054674
0.018883444
0.561600929
-1.355867773
-0.316777511
1.087454134
-0.272404862
-0.108787551
-0.433318462
-0.382017734
0.85311238
0.578260124
-1.332566211
-0.199581485
-1.104668629
-0.004720598
-0.037773625
-1.48525435
1.367799754
0.736554034
-0.070867983
0.793485023
0.104040162
0.412668726
0.755258053
0.35674782
-0.742759799
-1.529352729
0.2969845
-0.894605302
-0.664154647
-0.311817916
-1.070556004
-0.87367081
-0.407534012
-0.204399359
-0.361783097
1.321182026
-1.225627238
-1.593218818
-1.309966537
1.113399888
0.137327255
0.306865978
0.68788465
0.075601244
-0.880606067
-1.288016806
0.132563492
-1.087454134
-1.839012341
-0.567136467
-1.392266183
-0.793485023
0.061406116
-0.813038723
-0.33669542
0.799968905
1.005822542
-0.780616221
-0.640792894
-1.298913446
-0.223719569
0.422971049
-1.544734294
0.123044875
0.806486593
0.321744911
0.417814344
0.464646597
-0.50178437
-0.767875414
0.165979278
0.967421566
0.742759799
0.62349896
0.346704194
0.175559145
0.87367081
0.51791185
-0.185155152
-0.887583941
0.392193489
0.209221982
-0.539627626
0.33669542
0.233410628
1.309966537
-0.556082547
-0.428139025
-0.267509095
0.407534012
0.341695528
-0.60072585
0.767875414
-0.161195105
1.205858798
1.0216048
0.887583941
-0.675972066
0.376944717
0.832908347
-0.464646597
-0.507145502
1.514324716
2.24947787
1.985570999
1.86524627
2.144222465
1.045767153
-0.351721572
0.223719569
-0.257736636
-0.693877643
-0.321744911
0.371881382
-0.422971049
-0.346704194
-0.658280641
-2.24947787
0.43850955
0.50178437
0.267509095
0.567136467
1.288016806
-0.826248925
0.705939135
-2.313127487
-0.06613631
-0.491105028
0.282216147
-0.448927451
-1.167675078
-0.832908347
0.523317542
0.402410019
0.780616221
0.316777511
1.122216862
1.892830498
-0.595081376
0.718104214
0.712008503
0.693877643
1.225627238
-0.646600133
-3.108053588
-2.19381673
0.589455798
-0.952454975
1.645767305
1.593218818
-1.813986207
-0.165979278
-0.635007185
0.238264333
-0.61777576
-0.051949743
0.894605302
-0.45415466
1.48525435
1.627748831
1.404818254
1.790047176
1.745032084
1.177060462
0.161195105
0.507145502
-1.404818254
-0.724226725
-0.774230107
0.03305008
-0.123044875
0.311817916
-0.846339344
0.606389528
-1.177060462
0.113537393
0.199581485
-0.761551579
-0.480481405
0.272404862
-0.908782094
-0.366827564
0.351721572
0.974986705
0.60072585
-1.321182026
-0.475189935
-1.703298394
-0.03305008
0.009441301
0.156414619
-0.099295118
0.218881964
0.204399359
0.534175181
0.25285968
0.496437621
-0.417814344
-0.68788465
-0.25285968
