0.687030526
-1.871870731
-0.258633067
-0.22935359
0.136841016
-0.022737816
1.703709491
0.74580981
0.329872109
0.188684455
0.458966109
1.113937215
0.270405808
-1.289342875
0.22935359
0.200269466
-0.252760213
1.49933461
0.484377598
0.341899795
0.045487396
-1.554012622
-0.922996421
-0.131105804
0.985735267
-0.542750517
0.217698029
-1.315896997
-3.05274655
-0.446371663
-0.839193839
-1.082767657
-1.093039591
-0.995017216
-1.042775774
-1.263668025
-0.760908003
-0.270405808
-0.011368174
0.068260545
-1.593218818
-0.039798254
1.573313441
1.432756497
-1.371985258
0.446371663
-1.94185881
-0.536176266
-0.458966109
1.042775774
0.14832515
0.452659911
-1.329529107
1.728491036
-2.177028272
0.616726762
0.839193839
-0.75333744
-1.613776269
-0.791638608
0.415187655
0.113925246
-0.589455798
0.738324206
-0.223522014
0.596231765
0.976537476
0.863695653
-0.823135683
0.940543641
-0.353977148
1.329529107
0.353977148
-0.390529393
1.251137397
1.191238191
0.776181677
1.980752397
-1.135332983
0.471633783
-2.318757971
-1.168437377
2.411822296
-1.980752397
1.593218818
0.497200571
1.214675721
0.440101017
-1.124570748
0.609866699
0.421391277
1.202874361
0.855471367
1.554012622
1.343412869
1.417069581
2.318757971
2.242279549
-1.113937215
-1.238800196
-0.83113797
-0.402827907
-1.465233793
0.888727292
-2.068971589
-0.510105825
0.0341104
-1.432756497
0.300006319
0.119648113
1.033035466
-1.635039267
0.0625644
-0.723475575
0.085363023
1.168437377
3.05274655
2.532109172
-0.366106357
0.523096603
-0.905728894
0.360035131
0.433847628
0.716110854
-0.20607197
1.093039591
-2.532109172
-0.914328579
-1.357560529
-1.191238191
-2.411822296
-2.119910361
-1.14622835
-0.421391277
-0.807287032
-0.596231765
1.238800196
0.694245369
0.516590317
0.005683995
-0.888727292
-0.305957259
0.644464337
0.27630616
0.182901529
-0.74580981
0.194473698
0.510105825
1.94185881
-0.730879747
-0.490778997
-0.67985127
0.536176266
0.658519951
1.371985258
1.072608717
-0.119648113
1.179761118
0.477995987
1.781505348
-0.644464337
-0.0341104
-1.573313441
1.448804129
1.401723828
-0.085363023
-1.417069581
0.995017216
0.623615972
-0.188684455
1.357560529
0.897195675
-0.967421566
0.264514855
0.562616366
0.294065984
0.39667115
0.154074467
-0.958385348
-0.871978779
-0.177124713
1.840058582
-1.214675721
-0.623615972
0.282216147
-0.341899795
0.880322167
-0.182901529
0.67985127
-0.84730454
0.288136008
-0.799438349
0.096778253
1.657068292
-0.427611159
2.177028272
0.317891957
-0.323876223
-0.335879878
0.427611159
-0.056870284
0.555970104
1.289342875
0.177124713
-0.317891957
-0.372191107
-0.440101017
-1.343412869
0.223522014
0.93173417
-0.701496533
-0.165588592
-0.768522429
0.323876223
0.372191107
-0.154074467
-0.108206108
-0.575984216
0.039798254
0.503642713
-0.017052719
-1.657068292
1.013843161
-1.810006465
-0.569287575
0.708784771
0.529625109
-0.235192977
-1.004385692
0.241040394
-0.672706885
0.20607197
-0.940543641
-0.045487396
0.125374901
0.54934831
-0.142580733
-0.113925246
-1.013843161
-1.023392193
-0.360035131
-0.503642713
0.589455798
-0.694245369
0.84730454
-1.754381966
-1.482068778
-0.21188142
0.235192977
-1.072608717
-0.288136008
-1.703709491
-1.302505134
-1.49933461
-0.477995987
-0.282216147
0.760908003
-0.516590317
0.949426716
0.958385348
-0.329872109
0.730879747
0.311919055
-0.300006319
-1.179761118
0.723475575
-0.484377598
0.905728894
-0.39667115
-1.840058582
-0.311919055
-0.07965967
-0.378289669
-0.14832515
-0.415187655
0.701496533
0.335879878
-0.985735267
0.783886732
-0.815185762
-0.863695653
-0.708784771
-0.637484161
0.384402332
1.082767657
-2.242279549
-0.687030526
-0.384402332
-0.347932128
0.102490508
-1.103428168
-0.562616366
0.258633067
0
0.07965967
0.665596672
0.378289669
0.347932128
0.246896065
0.465290613
1.023392193
-0.408999971
0.091069155
-1.535273937
-0.603035218
1.517059348
-0.465290613
-0.783886732
0.799438349
-0.738324206
-1.202874361
-0.651476055
-0.096778253
1.004385692
0.402827907
1.157261513
-0.976537476
0.056870284
-1.052616031
-1.033035466
-0.0625644
-0.523096603
-0.051178011
-0.582706788
-0.27630616
-0.125374901
