-4.60448035
-1.88659846
-4.478747851
-1.979766463
-2.518704341
-2.952405797
-3.862906848
-3.885924886
-2.965357907
-1.772910218
-4.237109035
-5.467994196
-1.407761244
-2.505409542
-3.53607085
-2.452687413
-2.955031396
-5.204409058
-3.559883253
-2.093370286
-2.222915343
-2.002510262
-2.658289947
-3.296029083
-5.711217829
-2.620994873
-2.481385349
-4.402132921
-1.421943309
-2.082332257
-0.95797465
-4.436773255
-1.768479381
-3.091365978
-3.975062543
-1.520801232
-2.437060531
-4.240224921
-0.560336069
-1.056497068
-1.651697109
-3.050904505
-1.955301764
-2.019599187
-2.272602165
-3.211137332
-4.34176635
-1.265767768
-4.918429473
-6.28100728
-3.225633974
-3.253724332
-2.090229562
-2.535118999
-4.406878724
-2.855960388
-2.522806446
-2.875314322
-2.680955475
-2.234604553
-4.941478215
-2.115685718
-2.273857389
-3.027289174
-2.945256848
-1.521205824
-5.281301748
-5.117502825
-1.486065811
-3.16535412
-4.552006594
-3.803284191
-4.345496825
-4.4672346
-2.748247503
-1.226297478
-3.251354567
-4.122184524
-2.994010814
-2.286105754
-4.092756565
-4.763300621
-3.463447413
-1.561719917
-2.239389797
-3.051455665
-3.550152917
-3.025001595
-3.037797819
-3.542031283
-3.061183439
-1.965104671
-2.822798549
-2.296040731
-2.615692437
-1.804719087
-0.922813239
-1.868100923
-1.03875909
-2.807397185
-4.873822124
-2.32702137
-0.136618864
-1.573136402
-3.299814233
-4.540321019
-0.817382145
-3.941912503
-1.779667435
-2.511556982
-4.161595118
-5.397819086
-3.303893326
-3.923605747
-2.762655843
-4.111318292
-2.88515687
-2.560905271
-3.111970495
-2.637560383
-3.432421221
-1.973480047
-4.519997205
-3.430166373
-4.972590992
-1.21731378
-1.973248204
-1.800647073
-1.821349702
-2.481570121
-2.935149357
-2.808812863
-2.398622119
-3.851907605
-4.179549086
-2.409338139
-3.317523353
-3.110336634
-3.629493594
-4.184908217
-2.932871239
-3.553026364
-3.064177896
-2.866676489
-3.768366523
-3.45587291
-3.675139766
-1.176330125
-4.761993561
-1.727943821
-1.207984615
-3.760534422
-1.741592371
-6.523182831
-1.159392554
-2.993639936
-2.786366441
-2.783439903
-4.97055676
-2.920965726
-2.350453729
-1.800433604
-3.832556895
-3.00480141
-3.341968506
-4.117641964
-4.352184889
-2.436908386
-3.834119779
-3.555733865
-4.411882841
-4.430801614
-2.997901736
-3.704496352
-3.454242066
-4.397801234
-2.468301035
-3.7450206
-3.234641144
-3.058253647
-2.97786535
-5.666768858
-3.591153681
-2.621472822
-3.516638793
-3.029662817
-2.561697327
-5.28668843
-4.474972228
-3.552101289
-4.453188837
-3.59789708
-3.322974428
-4.441834797
-2.963888545
-2.992843603
-3.422261583
-3.255459385
-2.301315453
-2.841324574
-3.795052361
-3.146889535
-3.91231056
-2.737968433
-1.971915567
-4.510693209
-3.097630962
-1.056289569
-4.191382733
-2.795807087
-3.512440666
-3.253285733
-4.692389284
-2.57343891
-5.517977462
-2.71706918
-3.34085937
-2.594960452
-3.125899138
-4.024878659
-3.463899963
-3.47610782
-3.260170087
-4.757580795
-3.673693225
-3.585871154
-2.939183816
-4.291560994
-4.23428003
-3.944217057
-4.695980834
-3.04956097
-3.686445193
-2.944902091
-1.342217907
-5.874561338
-3.034914414
-1.219040756
-3.54222608
-2.416503553
-3.666959882
-5.399241747
-4.427009313
-0.805261254
-4.0209761
-3.560998696
-5.017235764
-4.792816244
-2.164864239
-4.567566163
-3.594836798
-4.267791676
-1.352274209
-3.900272934
-2.906051573
-3.002655778
-2.082844205
-5.129669228
-2.118670053
-3.248046893
-2.049256741
-5.343432064
-4.339574187
-5.395302895
-3.472090586
-2.399977741
-2.660374859
-2.775558129
-5.618612106
-2.058012291
-2.936942575
-3.379953393
-3.464291509
-0.442685102
-3.060536158
-4.334906933
-3.328495452
-2.030305802
-0.65423555
-1.836382106
-2.851692425
-2.451818701
-5.907083093
-4.85563752
-1.820728657
-3.838146878
-2.998028745
-2.074392556
-4.155501038
-2.602854711
-3.296611329
-2.585828522
-1.900079618
-2.057615721
-1.735178515
-1.273189139
-2.409421441
-0.775382269
-1.580026154
-3.139796778
-3.796029872
-4.103331505
-3.424970597
-3.980120012
-1.922494277
-4.592364362
-3.313708543
-3.289345874
-2.585434215
-2.65923013
-1.50448276
-3.763502532
-2.731644133
-4.920501695
-1.982721
-3.487808072
-2.306069233
-4.164986296
-4.730162215
-3.167880147
-2.736912927
-5.319095578
-3.373939005
-2.530267272
-5.369421445
-3.758502991
-3.159228592
-3.700186715
-5.401369531
-2.950923769
-4.342280102
-2.764159254
-4.30774625
-4.020847289
-3.511759925
-5.535910801
-1.366376251
-4.462679995
-3.708260194
-2.810270701
-3.829353652
-2.427748645
-3.731987201
-2.334380076
-4.342230355
-4.35872321
-1.673685811
-4.233708434
-4.266570407
-2.936709261
-3.198245412
-4.848468872
-3.942819941
-2.577716682
-2.260392542
-3.732909557
-3.581553755
-3.128534636
-3.586222807
-3.291239187
-3.435906959
-4.424118171
-1.893078153
-3.594620963
-3.198075175
-2.94682827
-4.110209422
-4.431757959
-3.3199159
-3.050497243
-3.755085904
-2.568794265
-4.23221521
-2.719938886
-4.661578351
-1.532155732
-4.673110374
-4.143587191
-2.49553755
-4.011992055
-1.221145382
-2.520826585
-1.487190068
-1.964989297
-3.946086751
-0.766429353
-3.943162269
-0.272059778
-2.809044106
-3.341640361
-1.060129682
