-3.158434476
-0.42939169
-4.283093745
-2.560017534
-1.032245472
-4.740385253
-4.42634174
-5.186366381
-3.759229103
-2.610815309
-3.599628471
-3.861290635
-3.612936565
-2.376142875
-2.391270203
-3.15082454
-1.699698478
-3.370724657
-2.178741338
-2.253510602
-1.972284514
-2.788179446
-3.427455805
-3.38696896
-4.902279487
-2.077199832
-2.876542065
-3.278861208
-2.59383127
-2.484085268
-1.688787959
-3.92890081
-1.720232938
-4.671207791
-1.938503
-2.723277285
-1.975738251
-3.638795733
-0.446955398
-1.337526677
-0.443897882
-3.270002286
-0.130568052
-0.728287559
-1.91491512
-2.650902658
-3.501655332
-2.349018682
-3.795734375
-5.875624514
-0.894430287
-3.032861454
-1.723487226
-3.067286346
-2.695583527
-2.694388014
-1.801863825
-3.896149349
-2.07576754
-2.221271077
-2.709939074
-3.038532389
-2.296236033
-2.951188425
-2.49358998
-1.013699609
-3.762654168
-4.656667155
-1.535293065
-3.077932958
-3.501182012
-3.938420866
-3.631780316
-2.965386088
-1.961217669
-3.563625788
-3.626727858
-3.083683106
-3.523298395
-1.160746129
-2.461453136
-3.384609769
-3.51530864
-0.226547304
-0.509308282
-2.35266166
-2.483220084
-2.665114993
-1.449595586
-3.896660102
-2.666815774
-2.401926961
-2.225622779
-1.926988994
-2.441270033
-0.758914874
-0.88192315
-1.142933772
-1.179498394
-3.97613184
-5.304339876
-1.609195601
0.573367145
-3.131175046
-1.464021445
-4.444813256
-1.148234299
-3.751480941
-0.822326246
-3.033162292
-3.152844744
-4.155841995
-2.654615743
-2.224583129
-1.745608084
-4.733502132
-3.804120902
-1.314233468
-1.612647977
-2.413257289
-2.606563291
-1.826288564
-2.763345503
-3.301281889
-3.289914141
0.077742127
-1.118520399
-1.325839457
-2.707657293
-1.113641919
-2.346481205
-1.724617686
-0.679578272
-4.040874845
-3.919620758
-1.361320363
-3.051285607
-0.852066707
-5.498160281
-3.224338817
-1.656209517
-2.974291361
-2.887489273
-1.31248882
-2.649465748
-3.161533747
-3.24955593
-2.50292673
-4.644157348
-3.978265994
-0.732887109
-4.956869744
-2.469156021
-4.602357254
-0.575032219
-3.021393491
-2.085627624
-2.66663676
-3.509922372
-2.972134127
-2.227093144
-2.684301342
-2.099596598
-2.800855059
-4.166009271
-4.595512573
-2.713149788
-2.806710747
-2.266442501
-4.494772424
-3.284934529
-4.678566301
-2.330298088
-2.511007309
-3.143305674
-3.202263224
-3.001533465
-3.479778354
-2.46061127
-2.736343331
-3.347824121
-4.132294892
-2.744806743
-4.538433724
-3.811939619
-2.823834569
-2.99265798
-4.268034481
-4.507792505
-2.414340727
-5.035108346
-4.236257861
-4.494812952
-4.00413489
-2.569086635
-1.287909978
-2.965488315
-2.411890696
-1.799725637
0.0035783
-3.375932864
-2.406152698
-3.106675518
-1.366902006
-3.722412718
-3.926479122
-3.864314368
-2.95704078
-2.15314951
-1.71668906
-2.058649113
-1.87832985
-4.120937618
-0.972573261
-3.762689083
-2.286493564
-2.216863159
-2.30219658
-2.29612064
-4.087313546
-3.400532425
-3.349320733
-2.079348343
-3.501764347
-2.860077317
-2.73985608
-3.727494278
-5.238610632
-3.92179492
-3.239672933
-6.487708911
-2.164729345
-3.471329695
-1.260320089
-0.999719388
-6.221378813
-1.813679575
-2.660897715
-2.921250985
-0.616526548
-3.388542913
-4.577993128
-5.387426147
-0.599147431
-3.991690141
-4.265345981
-4.850775894
-5.151865268
-0.559925291
-2.828085713
-3.36859182
-3.209201117
-2.698430183
-2.436575161
-1.833560597
-1.85247706
-1.3306818
-4.890407783
-5.263228354
-1.704533785
-1.576062466
-4.316265363
-4.007140771
-4.631481569
-2.963603598
-4.313562977
-1.685265373
-2.105187904
-4.839756938
-1.720228413
-2.284539983
-3.462213994
-5.125637925
-3.475372632
-2.416153245
-4.841488205
-3.855392412
-0.713597892
-0.399848324
-0.897832279
-2.232320797
-4.809918623
-3.590167126
-5.232061236
-2.505987538
-2.266097635
-2.986337218
-1.896335978
-3.064478131
-2.588783062
-1.847538946
-2.313706463
-1.170520671
-2.056578963
-1.54566966
-1.421007774
-2.553716418
-1.271153323
-0.766942212
-0.831099619
-2.951290922
-3.372064866
-2.993207533
-4.098078447
-2.662010503
-5.362954557
-1.589955025
-3.097293054
-1.656813197
-2.053512285
-2.793222984
-3.243451114
-4.026932678
-6.498474281
-0.554476559
-4.516617213
-2.159707667
-3.339240834
-4.256373926
-4.497145516
-1.541063398
-5.602262881
-3.422974788
-1.930570722
-5.457133603
-3.010305419
-2.210742282
-3.628153909
-3.141751024
-3.108427714
-4.46533731
-2.904316399
-2.506591977
-2.994334848
-3.313290046
-4.728391545
-2.700257401
-4.462916114
-3.479773526
-3.68490033
-3.723797971
-1.804690217
-2.334445787
-0.685685269
-4.027977636
-2.679318221
-2.972190199
-3.663789694
-2.88281577
-1.113975363
-1.990245301
-3.964697691
-3.864518967
-1.264295128
-0.560571867
-4.768578484
-3.833103336
-0.830701
-1.868578992
-2.530774919
-1.093098959
-4.565732766
-3.234365457
-3.840890288
-2.313999761
-1.690746377
-3.376309455
-3.70279363
-2.160660063
-1.086766946
-3.405736991
-1.750940861
-3.157038644
-1.921006662
-3.360245964
-0.30424058
-4.922452511
-3.487724885
-1.491899238
-3.591092324
-1.581961186
-2.863476226
-2.601215625
-0.783897417
-1.899851274
0.37234276
-4.054575463
-0.935462526
-1.849700245
-1.725360703
-0.895113042
