-0.682457837
1.285398118
1.38850552
-0.33533322
0.247251224
0.902100719
-0.264693233
0.389414298
-0.877028091
-0.714775988
-0.902100719
-0.559592274
2.085355566
2.572352111
-1.345539177
-0.828464649
-1.081530324
0.444659756
0.135450255
-1.324957689
1.593218818
1.458215529
0.317529642
-0.255962494
-0.770375064
0.759068723
0.11843385
0.559592274
0.682457837
2.390291241
2.264082785
-0.178174598
1.160632837
-0.109938798
-0.463372142
-0.033765718
0.640441636
1.144237265
-0.11843385
-0.671843234
0.101451673
1.726958682
-0.954032207
-2.085355566
0.344274671
0.221226823
-0.940811734
-1.366706972
-0.008439926
-2.932079691
0.609659268
1.304922638
0.152505974
-0.380325642
-0.816627361
0.426101798
-1.410984589
0.008439926
0.599526943
0.178174598
-0.482248215
0.29100987
0.482248215
-0.510890677
-0.282216147
-0.501297711
1.229577876
-0.308665806
-0.025322183
-0.326418498
0.714775988
-0.73674167
1.366706972
-0.273444194
-0.161050188
-0.29100987
-1.128143645
0
-0.793289063
-1.483102658
-2.572352111
-0.661303795
1.247753855
-1.144237265
0.326418498
-0.650837306
-2.016276759
0.435362034
-1.304922638
-1.726958682
-0.640441636
0.255962494
-0.725715059
1.807354197
-1.112337035
0.362241303
0.510890677
-0.599526943
0.889494508
0.747858595
-0.630114721
-0.067569989
0.703921789
0.967421566
0.308665806
1.037155701
-0.362241303
0.109938798
-0.186756121
-0.781780753
0.40768945
-0.016880453
0.852495034
0.33533322
-0.589455798
-1.066505295
-0.927753685
-1.69062163
-0.221226823
0.630114721
0.273444194
-0.353243733
0.299826154
0.126937458
-0.852495034
-0.317529642
-0.126937458
-0.229884118
1.901480859
-1.901480859
-0.889494508
-1.051717253
-1.285398118
0.650837306
0.229884118
-0.539958592
-1.037155701
1.852367534
-0.703921789
-1.266351671
-0.804903409
-1.852367534
0.828464649
0.619854574
0.539958592
-0.530219726
-0.914851946
-0.05911319
0.781780753
0.264693233
-0.050660617
2.932079691
-0.569490127
-0.398535236
0.042211661
-1.177346488
1.43420016
-1.65638885
1.623993928
0.520530892
-1.807354197
-1.43420016
-1.623993928
0.877028091
1.128143645
-0.840419177
-0.092971849
-0.344274671
0.212586078
0.092971849
0.05911319
0.661303795
-0.759068723
0.994734686
-0.579444089
1.508943855
0.033765718
-0.084498705
-0.549748943
0.282216147
0.725715059
-0.152505974
1.096803562
-0.472789121
0.530219726
0.770375064
1.535833894
1.563882701
0.980986647
0.203961176
0.161050188
-0.435362034
0.353243733
0.864696507
2.166106753
1.051717253
0.914851946
-0.444659756
-0.203961176
0.491750656
1.112337035
0.589455798
0.416877958
1.345539177
0.73674167
0.549748943
0.169606176
-0.426101798
0.025322183
1.177346488
-0.453996078
0.463372142
-0.19535142
-0.389414298
1.483102658
0.569490127
1.65638885
1.955661436
0.793289063
0.050660617
1.69062163
0.579444089
0.927753685
-0.416877958
1.266351671
2.016276759
-0.076031623
0.186756121
1.022810809
-1.096803562
-0.491750656
-1.211799276
-0.980986647
1.324957689
-0.238558676
-0.143972879
-0.042211661
0.453996078
-1.229577876
-1.593218818
0.671843234
-1.563882701
-2.264082785
0.840419177
0.076031623
-1.458215529
-1.194395664
0.816627361
-1.022810809
-0.967421566
0.084498705
1.194395664
-1.247753855
1.211799276
-1.535833894
0.143972879
-0.693149895
0.804903409
0.067569989
-0.371268294
0.398535236
-0.299826154
-0.169606176
-1.008673358
-0.40768945
-0.135450255
1.008673358
0.371268294
-1.160632837
-0.520530892
-2.166106753
0.016880453
1.765730475
0.501297711
0.19535142
0.472789121
-0.609659268
-1.955661436
-0.101451673
-1.508943855
0.238558676
-1.765730475
-2.390291241
-0.994734686
0.693149895
-0.864696507
-1.38850552
-0.247251224
0.380325642
-0.212586078
0.940811734
1.410984589
-0.747858595
-0.619854574
0.954032207
1.066505295
1.081530324
