-0.725715059
0.693149895
-0.747858595
-0.510890677
-1.037155701
0.135450255
1.096803562
0.426101798
-0.889494508
-1.177346488
-0.994734686
-0.033765718
-0.426101798
-0.661303795
-0.703921789
-1.211799276
0.703921789
0.084498705
-0.29100987
-1.69062163
-0.380325642
-1.008673358
0.186756121
-1.483102658
-0.630114721
-1.726958682
-0.076031623
-0.092971849
-0.084498705
-0.569490127
-0.444659756
-0.671843234
0.682457837
-0.980986647
0.282216147
-1.144237265
1.901480859
0.840419177
0.033765718
1.008673358
0.435362034
0.549748943
1.955661436
0.714775988
1.852367534
1.807354197
0.371268294
0.589455798
-0.317529642
0.11843385
0.804903409
1.726958682
1.266351671
-0.109938798
-0.247251224
0.169606176
-0.453996078
1.144237265
0.619854574
1.066505295
0.650837306
-0.501297711
0.877028091
0.308665806
0.828464649
-0.472789121
0.491750656
-1.066505295
0.994734686
0.759068723
1.285398118
0.101451673
-1.901480859
-0.599526943
-1.410984589
0.747858595
0.927753685
0
0.609659268
0.453996078
1.38850552
0.980986647
1.623993928
0.725715059
1.128143645
1.765730475
0.781780753
0.444659756
0.238558676
0.902100719
0.73674167
1.324957689
0.273444194
-2.166106753
0.398535236
0.559592274
0.520530892
1.43420016
0.630114721
2.264082785
1.508943855
0.221226823
0.042211661
2.085355566
0.940811734
2.390291241
-0.353243733
0.599526943
-1.266351671
0.152505974
1.593218818
1.65638885
-0.864696507
0.569490127
-0.362241303
1.483102658
1.081530324
1.037155701
0.954032207
1.304922638
2.016276759
0.530219726
0.770375064
2.932079691
0.247251224
-1.43420016
0.914851946
1.229577876
1.69062163
0.671843234
0.109938798
0.203961176
-0.299826154
-0.178174598
0.416877958
-0.954032207
0.353243733
-1.807354197
0.016880453
-0.389414298
-0.152505974
-1.852367534
-0.482248215
-0.682457837
0.212586078
1.160632837
0.463372142
1.563882701
1.247753855
-0.11843385
2.572352111
-0.371268294
2.166106753
-0.781780753
1.211799276
1.366706972
1.194395664
-2.264082785
0.539958592
0.579444089
1.051717253
0.889494508
-0.759068723
0.816627361
0.255962494
1.535833894
0.389414298
0.29100987
-1.247753855
0.126937458
-1.112337035
0.852495034
1.345539177
0.510890677
-0.416877958
-1.38850552
0.380325642
-1.304922638
-0.221226823
-0.326418498
0.008439926
-0.927753685
-0.549748943
0.967421566
-0.05911319
1.410984589
-0.264693233
-0.640441636
-0.693149895
0.025322183
-0.282216147
-0.344274671
-0.19535142
-0.435362034
-0.589455798
-1.022810809
0.362241303
0.344274671
-0.840419177
1.022810809
0.161050188
-0.025322183
0.178174598
-0.143972879
-0.579444089
-0.273444194
-0.852495034
0.229884118
-0.050660617
-0.212586078
0.661303795
-0.308665806
0.326418498
-0.902100719
0.19535142
-0.73674167
-0.650837306
-0.135450255
0.317529642
0.092971849
-0.186756121
-0.619854574
-0.539958592
-1.508943855
-0.169606176
0.067569989
-0.101451673
0.264693233
0.793289063
-1.955661436
-1.051717253
1.458215529
-0.126937458
-1.366706972
-0.914851946
-1.160632837
-1.324957689
-1.081530324
-0.33533322
-0.816627361
-0.042211661
-0.067569989
-2.390291241
-0.398535236
-0.770375064
-2.085355566
0.050660617
-1.65638885
-0.016880453
-1.229577876
-1.194395664
0.482248215
-0.793289063
-0.804903409
1.177346488
-1.563882701
-0.877028091
-0.828464649
0.864696507
-0.491750656
-2.572352111
-0.559592274
-2.932079691
0.299826154
-1.623993928
-1.128143645
-0.520530892
-0.203961176
-1.535833894
-0.161050188
-1.096803562
-0.714775988
1.112337035
0.33533322
0.05911319
-0.40768945
-0.255962494
0.40768945
-1.285398118
-1.593218818
-0.229884118
0.501297711
0.076031623
-0.238558676
-2.016276759
-0.463372142
-1.765730475
-0.940811734
-0.967421566
0.472789121
0.143972879
-1.345539177
-0.530219726
-1.458215529
-0.609659268
0.640441636
-0.008439926
