-0.282216147
-1.160632837
-1.366706972
-0.426101798
-0.362241303
-0.40768945
1.008673358
0.317529642
-0.559592274
-0.579444089
0.126937458
-0.247251224
0.781780753
-0.640441636
-0.927753685
-0.661303795
0.549748943
-0.008439926
0.067569989
-1.066505295
-1.593218818
0.05911319
1.096803562
-0.326418498
-0.693149895
-2.932079691
-0.902100719
-0.530219726
-0.491750656
-2.166106753
-2.085355566
-1.623993928
-0.025322183
-0.828464649
0.640441636
-0.203961176
-1.266351671
0.050660617
1.177346488
0.682457837
0.389414298
1.726958682
-0.152505974
1.38850552
0.793289063
1.563882701
-0.940811734
0.579444089
0.255962494
1.458215529
0.693149895
1.901480859
0.212586078
0.344274671
1.022810809
0.671843234
-0.11843385
0.914851946
0.472789121
0.092971849
0.371268294
0.152505974
0.19535142
0.109938798
-0.19535142
0.569490127
0.299826154
-0.619854574
2.932079691
0.599526943
0.877028091
1.194395664
-1.410984589
0.042211661
-1.65638885
-0.444659756
1.324957689
-0.747858595
1.112337035
1.211799276
0.804903409
0.609659268
0.11843385
0.73674167
0.852495034
1.65638885
1.955661436
0.889494508
1.266351671
1.593218818
1.037155701
1.535833894
0.559592274
-1.726958682
0.520530892
-0.980986647
-0.864696507
1.852367534
0.416877958
0.380325642
1.366706972
0.501297711
2.016276759
1.285398118
1.081530324
0.203961176
0.954032207
0.229884118
0.33533322
1.765730475
1.623993928
1.247753855
-1.285398118
0.143972879
0.453996078
0.353243733
0.864696507
1.345539177
1.066505295
2.085355566
-1.081530324
-0.877028091
-0.299826154
-1.901480859
-0.186756121
-1.112337035
0.902100719
2.264082785
1.410984589
0.994734686
0.161050188
0.482248215
0.463372142
-0.016880453
0.238558676
-0.804903409
0.980986647
-0.816627361
0.282216147
0.221226823
0.967421566
-2.016276759
-1.508943855
0.308665806
0.840419177
0.539958592
1.304922638
2.166106753
0.703921789
1.128143645
2.572352111
-1.194395664
0.025322183
-0.264693233
0.725715059
1.69062163
0.770375064
-1.458215529
-0.609659268
0.747858595
1.483102658
0.326418498
0.816627361
0.589455798
0.630114721
1.144237265
1.051717253
1.807354197
-0.380325642
2.390291241
-0.482248215
0.247251224
1.229577876
-1.211799276
-0.416877958
-0.994734686
0.186756121
-1.128143645
0.398535236
-1.38850552
-0.229884118
-1.247753855
-0.238558676
0.714775988
-0.344274671
1.160632837
-0.212586078
-0.569490127
-0.33533322
0.169606176
0.084498705
-0.042211661
0.426101798
-0.29100987
-0.398535236
-0.463372142
0.444659756
0.135450255
-0.510890677
0.828464649
0.076031623
-0.178174598
-0.273444194
0.101451673
-0.435362034
-0.501297711
0.29100987
-0.255962494
0.530219726
-0.050660617
0.940811734
0.362241303
-0.371268294
-0.221226823
-0.135450255
-0.076031623
0
0.033765718
0.661303795
0.273444194
0.016880453
-0.109938798
-1.807354197
-1.022810809
-0.549748943
-0.472789121
-0.033765718
-2.572352111
0.650837306
-1.535833894
-0.914851946
-0.889494508
-0.599526943
-0.126937458
-1.324957689
-0.389414298
-0.308665806
-1.304922638
-0.161050188
-1.955661436
-0.73674167
-0.650837306
-0.954032207
0.927753685
-1.563882701
-0.840419177
-0.703921789
-1.229577876
0.619854574
-0.092971849
-0.770375064
1.43420016
-0.067569989
-1.765730475
-0.084498705
-0.793289063
-0.967421566
-1.345539177
0.759068723
-0.589455798
-1.852367534
-0.317529642
-0.539958592
1.508943855
-2.390291241
-0.725715059
-0.169606176
-0.520530892
-1.43420016
-0.101451673
-0.143972879
-0.852495034
0.491750656
-0.682457837
0.510890677
-0.671843234
-0.353243733
-0.630114721
-1.483102658
-1.008673358
-0.05911319
0.178174598
0.264693233
0.435362034
-2.264082785
-1.037155701
-1.096803562
-0.714775988
-0.759068723
0.40768945
-1.144237265
-1.69062163
-0.781780753
-1.177346488
0.008439926
-0.453996078
-1.051717253
