-0.317529642
-0.362241303
1.563882701
0.864696507
0.902100719
1.765730475
-0.472789121
0.725715059
0.212586078
1.008673358
-0.682457837
0.877028091
2.264082785
1.65638885
-0.273444194
-1.211799276
0.247251224
1.535833894
0.671843234
0.326418498
1.593218818
1.194395664
0.852495034
-1.726958682
-0.725715059
-0.178174598
0.520530892
0.135450255
1.324957689
1.128143645
1.266351671
-0.435362034
-0.05911319
-0.326418498
0.033765718
1.38850552
-0.221226823
1.483102658
0.661303795
-0.380325642
0.05911319
0.344274671
-2.572352111
-1.285398118
-0.954032207
-0.161050188
-1.051717253
-0.264693233
0.482248215
-0.877028091
0.221226823
0.092971849
-0.852495034
-2.016276759
-2.166106753
-0.453996078
-1.112337035
-0.980986647
-0.703921789
-0.828464649
0.530219726
0.693149895
-0.967421566
0.682457837
-0.076031623
-0.238558676
1.508943855
0.025322183
-0.299826154
-0.33533322
-0.630114721
-0.29100987
0.016880453
-0.398535236
-1.43420016
-1.852367534
-0.109938798
-2.932079691
-0.050660617
-0.940811734
-0.247251224
-1.144237265
0.747858595
-0.693149895
-0.889494508
-1.037155701
-1.366706972
0.380325642
-1.160632837
-1.410984589
-0.994734686
0.186756121
-1.65638885
0.238558676
-1.304922638
0.084498705
-0.927753685
-0.19535142
-2.390291241
0.559592274
-1.458215529
-0.747858595
-1.081530324
0.178174598
0.371268294
-0.510890677
-1.324957689
-1.69062163
-0.530219726
-0.599526943
0.967421566
1.022810809
-0.016880453
0.273444194
0.11843385
-1.623993928
-0.759068723
-0.501297711
-0.463372142
-1.096803562
-0.816627361
-0.770375064
-0.143972879
-1.266351671
-0.416877958
-0.092971849
-0.902100719
-1.535833894
1.410984589
-1.508943855
-0.444659756
-0.840419177
-1.765730475
-0.73674167
0.152505974
0.203961176
-1.807354197
0.444659756
-0.389414298
-1.229577876
0.308665806
-1.563882701
1.726958682
0.008439926
-0.482248215
-0.569490127
-1.177346488
-0.491750656
0.650837306
-0.255962494
-0.914851946
1.177346488
-0.793289063
-0.126937458
0.264693233
-0.619854574
0.501297711
-2.264082785
-0.640441636
0.161050188
-1.066505295
-0.203961176
-0.781780753
-0.033765718
0.472789121
-1.247753855
-1.38850552
-1.008673358
-0.371268294
-0.714775988
-0.042211661
-0.671843234
1.096803562
1.160632837
-1.022810809
2.016276759
1.081530324
0.770375064
0.40768945
-0.661303795
1.037155701
0.994734686
1.623993928
0.101451673
0.282216147
0.793289063
0.940811734
0.630114721
0.317529642
-0.579444089
-0.186756121
0.050660617
0.73674167
0.362241303
0.426101798
1.112337035
-0.008439926
-0.282216147
0.33533322
0.398535236
0.816627361
2.932079691
0.435362034
0.759068723
1.066505295
1.051717253
0.804903409
1.211799276
0.609659268
0.042211661
-0.864696507
-0.426101798
-0.084498705
-0.609659268
0.927753685
-0.135450255
2.085355566
1.144237265
-0.539958592
0.126937458
1.229577876
0.781780753
0.589455798
0.143972879
0.889494508
0.703921789
0.619854574
0.169606176
-0.067569989
-2.085355566
-1.593218818
0.453996078
0.579444089
1.285398118
0.389414298
-0.101451673
0.599526943
0.549748943
1.458215529
-0.650837306
1.901480859
-0.804903409
-0.11843385
1.69062163
1.43420016
-0.169606176
-0.40768945
1.304922638
-0.229884118
-1.483102658
-1.955661436
-0.520530892
-0.212586078
1.807354197
-0.344274671
-0.308665806
0.539958592
1.247753855
0.255962494
2.166106753
0.463372142
0.19535142
0.416877958
-1.128143645
1.366706972
-0.559592274
1.852367534
0.840419177
0.229884118
-0.549748943
-1.345539177
0.954032207
2.572352111
1.345539177
0.491750656
0.828464649
0.640441636
0.980986647
0.299826154
-0.353243733
-1.901480859
0
-0.589455798
0.914851946
0.109938798
-1.194395664
0.569490127
-0.152505974
0.353243733
0.076031623
2.390291241
-0.025322183
0.714775988
0.29100987
0.067569989
0.510890677
1.955661436
