0.703921789
-2.016276759
-0.317529642
-0.29100987
0.076031623
-0.084498705
1.765730475
0.793289063
0.299826154
0.11843385
0.463372142
1.177346488
0.221226823
0.169606176
0.135450255
-0.308665806
1.563882701
0.501297711
0.317529642
-0.025322183
-1.066505295
-0.203961176
1.022810809
-0.650837306
0.152505974
-1.410984589
-0.559592274
-0.967421566
-1.211799276
-1.229577876
-1.128143645
-1.366706972
-0.889494508
-0.326418498
-0.067569989
0
-1.726958682
-0.101451673
1.65638885
1.508943855
-1.483102658
0.444659756
-2.085355566
-0.640441636
-0.569490127
1.112337035
0.084498705
0.453996078
-1.43420016
1.807354197
0.640441636
0.852495034
-0.877028091
-1.765730475
-0.902100719
0.398535236
0.050660617
-0.703921789
0.781780753
0.619854574
1.008673358
0.889494508
-0.940811734
0.967421566
-0.435362034
1.366706972
0.33533322
-0.491750656
1.324957689
1.247753855
0.816627361
2.016276759
-1.285398118
0.482248215
-2.390291241
-1.324957689
2.390291241
-2.166106753
1.69062163
0.510890677
1.285398118
0.435362034
-1.266351671
0.630114721
0.40768945
1.266351671
0.877028091
1.623993928
1.38850552
1.483102658
2.264082785
2.166106753
-1.247753855
-1.345539177
-0.954032207
-0.510890677
-1.563882701
0.914851946
-2.264082785
-0.619854574
-0.042211661
-1.535833894
0.264693233
0.05911319
1.096803562
-1.807354197
-0.008439926
-0.828464649
0.016880453
1.211799276
2.932079691
2.572352111
-0.453996078
0.549748943
-1.037155701
0.344274671
0.426101798
0.747858595
-0.273444194
1.160632837
-2.932079691
-1.051717253
-1.458215529
-2.572352111
-1.304922638
-0.539958592
-0.927753685
-0.714775988
1.304922638
0.714775988
0.539958592
-0.050660617
-1.022810809
-0.362241303
0.661303795
0.229884118
0.109938798
-0.864696507
0.126937458
0.530219726
1.955661436
-0.840419177
-0.781780753
0.569490127
0.671843234
1.43420016
1.128143645
-0.186756121
1.229577876
0.491750656
1.852367534
-0.747858595
-0.092971849
-1.69062163
1.535833894
1.458215529
-0.152505974
-1.508943855
1.037155701
0.650837306
-0.264693233
1.410984589
0.927753685
-1.096803562
0.212586078
0.599526943
0.255962494
0.380325642
0.092971849
-1.081530324
-1.008673358
-0.247251224
1.901480859
-0.725715059
0.238558676
-0.416877958
0.902100719
-0.255962494
0.693149895
-0.980986647
0.247251224
-0.914851946
0.033765718
1.726958682
-0.549748943
2.085355566
0.282216147
-0.389414298
-0.40768945
0.416877958
-0.126937458
0.589455798
1.345539177
0.101451673
-0.380325642
-0.463372142
0.161050188
0.954032207
-0.816627361
-0.238558676
0.29100987
0.353243733
-0.229884118
-0.169606176
-0.682457837
-0.033765718
0.520530892
-0.076031623
1.066505295
-0.671843234
0.73674167
0.559592274
-0.299826154
-1.144237265
0.186756121
-0.770375064
0.143972879
-0.109938798
0.067569989
0.579444089
-0.212586078
-0.178174598
-1.160632837
-1.177346488
-0.444659756
-0.609659268
0.609659268
-0.804903409
0.864696507
-1.901480859
-1.593218818
-0.282216147
0.178174598
-0.344274671
-1.852367534
-1.38850552
-1.623993928
-0.589455798
0.804903409
-0.630114721
0.980986647
0.994734686
-0.398535236
0.770375064
0.273444194
-0.353243733
0.759068723
-0.599526943
0.940811734
-0.501297711
-1.955661436
-0.371268294
-0.143972879
-0.472789121
-0.221226823
-0.530219726
0.725715059
0.308665806
-1.112337035
0.828464649
-0.994734686
-0.73674167
0.371268294
1.144237265
-0.793289063
-0.482248215
-0.426101798
0.042211661
-0.661303795
0.203961176
-0.05911319
0.008439926
0.682457837
0.362241303
0.326418498
0.19535142
0.472789121
1.081530324
-0.520530892
0.025322183
-1.65638885
1.593218818
-0.579444089
0.840419177
-0.852495034
-0.759068723
-0.161050188
1.051717253
0.389414298
1.194395664
-0.016880453
-1.194395664
-0.135450255
-0.11843385
-0.693149895
-0.33533322
-0.19535142
